15
632
222.2 29 1 0 0 1 1 0 1 0 0 0 1 4.4 0 6
10 37 0 0 0 0 0 0 0 0 0 1 2 4.05 0.45 5
17.4 34 1 0 0 0 0 0 0 0 0 0 3 3.96667 0.262467 7
20.4 18 0 0 1 1 0 0 0 0 0 0 5 3.26 1.13596 5
10 46 1 1 0 1 0 0 0 0 0 0 3 3.46667 0.713364 5
118.5 68 1 0 0 1 0 0 0 0 0 0 2 3.4 0.1 5
8 12 0 0 0 0 0 0 0 0 0 0 19 2.20526 0.56052 5
117.4 8 1 0 0 1 0 0 0 0 0 0 5 3.86 1.04231 5
22.5 34 1 0 0 1 0 0 0 0 0 0 4 3.575 0.675925 5
10 65 0 0 0 0 0 0 0 0 0 1 1 2.6 0 6
97 66 0 0 0 0 0 0 0 0 0 0 1 1.9 0 5
44.8 26 1 0 0 0 0 0 0 0 0 0 1 2.6 0 5
17.7 34 1 0 0 0 0 0 0 0 0 0 2 3.85 0.25 5
33 34 1 0 0 0 0 0 0 0 0 0 7 4.17143 0.589708 5
10 73 0 0 0 0 0 0 0 0 0 0 1 2.6 0 5
17.1 26 1 0 0 0 0 0 0 0 0 0 3 3.76667 0.0942809 5
28.9 29 1 0 0 1 1 0 1 0 0 0 3 4 0.282843 6
15 34 1 0 0 0 0 0 0 0 0 0 2 4.55 0.25 5
15 34 1 0 0 0 0 0 0 0 0 0 2 4.7 0.1 5
33 54 1 0 0 1 0 0 0 0 0 1 1 4 0 5
10 65 0 0 0 0 0 0 0 0 0 1 1 2.2 0 5
29.6 34 1 0 0 0 0 0 0 0 0 0 1 3.7 0 5
14.1 31 0 0 0 0 0 0 1 0 0 0 1 2.2 0 6
10.1 14 0 0 0 0 0 0 0 0 0 0 1 0.5 0 5
9.1 14 0 0 0 0 0 0 0 0 0 0 1 4.7 0 5
286.3 34 1 0 0 0 0 0 0 0 0 0 1 4.4 0 5
0 71 1 0 0 0 0 0 0 0 0 0 2 4.15 0.35 5
47.6 41 1 0 0 1 0 0 0 0 0 0 1 3.1 0 5
173 26 1 0 0 0 0 0 0 0 0 0 1 3.9 0 5
28.3 56 1 0 0 1 0 0 0 0 0 0 15 3.98 0.507543 7
551.9 64 0 0 0 0 0 0 0 0 0 0 1 3.5 0 6
36.4 41 1 0 0 0 0 0 0 0 0 0 1 3 0 5
9 30 0 0 0 0 0 0 0 0 0 0 1 3 0 6
123.7 64 1 0 0 0 0 0 0 0 0 0 3 3.33333 0.942809 5
60 34 1 1 0 1 1 0 0 0 0 0 2 3.9 0.3 5
225.1 8 1 0 0 1 0 0 0 0 0 0 4 3.6 0.223607 5
10 32 0 0 0 0 0 0 0 0 0 1 1 3.1 0 5
10 32 0 0 0 0 0 0 0 0 0 1 3 3.1 0.355903 6
26.3 64 0 0 0 0 0 0 0 0 0 0 1 2.5 0 5
14.4 30 0 0 0 0 0 0 0 0 0 0 1 3.5 0 5
58.6 59 1 1 0 1 0 0 0 0 0 0 2 3.6 0.2 6
10 52 0 0 0 0 0 0 0 0 0 1 2 2.85 0.15 5
10 21 0 0 0 0 0 0 0 0 0 1 3 3.06667 0.54365 6
11 14 0 0 0 0 0 0 0 0 0 0 3 2.53333 1.43836 5
5.3 65 0 0 0 0 0 0 0 0 0 1 2 2.6 0.6 5
10 37 0 0 0 0 0 0 0 0 0 1 1 3.4 0 5
13.6 14 1 0 0 1 0 0 0 0 0 0 1 2.4 0 5
10 36 0 0 0 1 0 0 1 0 0 0 1 3.4 0 5
75 15 1 0 0 1 0 0 0 0 0 1 5 2.12 0.658483 5
88.1 34 1 0 0 0 0 0 0 0 0 0 2 4.3 0.4 7
50.8 41 1 0 0 0 0 0 0 0 0 0 2 3.4 0.4 5
43 4 1 0 0 1 0 0 0 0 0 0 1 1.8 0 5
41.9 11 1 0 0 0 0 0 0 0 0 0 2 2.95 0.25 5
163.3 15 1 0 0 1 0 0 0 0 0 1 1 3.1 0 6
15 34 1 0 0 0 0 0 0 0 0 0 1 1.8 0 5
30.4 34 1 0 0 0 0 0 0 0 0 0 1 2.9 0 5
33.7 34 1 0 0 0 0 0 0 0 0 0 2 1.8 0.5 5
10.5 21 1 0 0 0 0 0 0 0 0 0 1 2.5 0 6
50.7 26 1 0 0 0 0 0 0 0 0 0 1 3.3 0 5
17.7 34 1 0 0 0 0 0 0 0 0 1 11 2.84545 1.06802 5
52.8 34 1 1 0 1 1 0 0 0 0 0 2 4 0.8 5
10 37 0 0 0 0 0 0 0 0 0 1 1 3.5 0 6
21.5 11 1 0 0 1 0 0 1 0 0 0 1 3.6 0 5
67 13 0 0 0 0 0 0 0 0 0 0 2 3.9 0.1 5
1 26 1 0 0 0 0 0 0 0 0 0 1 3.7 0 5
24 30 0 0 0 0 0 0 0 0 0 0 1 2.1 0 5
10 7 0 0 0 0 0 0 0 0 0 1 3 2.6 1.30639 5
38.2 41 1 0 0 1 0 0 0 0 0 0 3 3.36667 0.801388 6
30 34 1 1 0 1 1 0 0 0 0 0 2 2.55 1.25 5
25.6 34 1 0 0 1 0 0 0 0 0 0 1 3.5 0 6
18 59 1 1 0 1 0 0 0 0 0 0 2 1.55 0.55 5
108.8 41 1 0 0 1 0 0 0 0 0 0 1 3.8 0 5
41 59 1 1 0 1 0 0 0 0 0 0 13 2.26154 0.507692 5
174.8 26 1 0 0 1 0 0 0 0 0 0 3 1.8 1.23558 5
102.4 64 1 0 0 0 0 0 0 0 0 0 3 3.83333 0.124722 5
15.8 27 1 0 0 0 0 0 0 0 0 1 3 3.1 1.09848 5
10 65 0 0 0 0 0 0 0 0 0 1 5 3.24 0.935094 6
82.1 26 1 0 0 0 0 0 0 0 0 0 1 2.9 0 6
10.1 73 0 0 0 0 0 0 0 0 0 0 1 1.7 0 5
10 65 0 0 0 0 0 0 0 0 0 1 2 2.15 0.05 5
10 65 0 0 0 0 0 0 0 0 0 1 1 1.7 0 5
10 12 0 0 0 0 0 0 0 0 0 0 1 2.7 0 5
282 34 0 0 0 0 0 0 0 0 0 1 1 2.9 0 5
54.8 11 1 0 0 1 0 0 0 0 0 0 3 2.76667 0.942809 5
10 65 0 0 0 0 0 0 0 0 0 1 1 1 0 5
103.9 12 0 0 0 0 0 0 0 0 0 0 2 2.4 0.5 5
19.1 26 0 0 1 0 0 0 0 0 0 0 1 3.7 0 6
10 65 0 0 0 0 0 0 0 0 0 1 1 2.5 0 5
92.3 34 1 0 0 0 0 0 0 0 0 0 1 3.7 0 6
11.8 65 0 0 0 0 0 0 0 0 0 1 2 1.8 0.1 5
75 26 0 0 1 0 0 0 0 0 0 0 3 2.3 1.93046 5
15 18 0 0 1 1 0 0 0 0 0 0 1 2.1 0 5
110 12 0 0 0 0 0 0 0 0 0 0 1 1.8 0 5
89.9 34 1 0 0 0 0 0 0 0 0 0 1 1.4 0 5
49.7 34 1 0 0 0 0 0 0 0 0 0 2 3.35 0.45 5
33 34 1 0 0 0 0 0 0 0 0 1 1 2.9 0 5
123.7 11 1 0 0 0 0 0 0 0 0 0 5 2.56 0.94784 6
17 41 1 0 0 1 0 0 0 0 0 0 1 3.7 0 7
15 34 1 0 0 0 0 0 0 0 0 0 4 3.05 0.357071 5
106.4 34 1 0 0 0 0 0 0 0 0 0 1 3.4 0 5
10 44 1 0 0 0 0 0 0 0 0 1 1 3.8 0 5
10 44 1 0 0 0 0 0 0 0 0 1 1 2.6 0 5
8.2 12 0 0 0 0 0 0 0 0 0 0 1 3.5 0 5
37.3 59 1 1 0 1 0 0 0 0 0 0 2 3.7 0.4 5
10 32 0 0 0 0 0 0 0 0 0 1 2 3.35 1.15 6
10 32 0 0 0 0 0 0 0 0 0 1 2 3.4 0.1 5
33 34 1 0 0 0 0 0 0 0 0 1 4 2 0.992472 5
10 70 0 0 0 0 0 0 0 0 0 1 21 2.20476 0.887735 5
72.7 15 1 0 0 1 0 0 0 0 0 1 1 3.5 0 6
105.1 41 1 0 0 0 0 0 0 0 0 0 21 2.31429 0.801953 5
555.7 15 1 0 0 1 0 0 0 0 0 1 4 2.675 1.28525 5
21.3 56 1 0 0 1 0 0 0 0 0 0 2 4.05 0.05 5
68.3 59 1 1 0 1 0 0 0 0 0 0 2 4.05 0.15 5
10 65 0 0 0 0 0 0 0 0 0 1 1 4.3 0 5
103.1 34 1 0 0 0 0 0 0 0 0 0 3 1.8 1.17757 5
165.2 26 1 0 0 0 0 0 0 0 0 0 1 1.2 0 5
36.5 41 1 0 0 1 0 0 0 0 0 0 9 2.51111 1.2133 6
7.7 44 1 1 0 1 0 0 0 0 0 0 4 3.525 0.593191 6
10 54 0 0 0 0 0 0 0 0 0 1 1 4.3 0 5
35.6 29 1 0 0 1 1 0 1 0 0 0 2 2.7 0.5 5
33 34 1 0 0 0 0 0 0 0 0 0 1 3 0 5
94 59 1 1 0 1 0 0 0 0 0 0 1 3.5 0 5
33 34 1 0 0 0 0 0 0 0 0 0 3 1.96667 0.837987 5
10 32 0 0 0 0 0 0 0 0 0 1 1 2.4 0 5
10 26 0 0 1 0 0 0 0 0 0 0 1 2.6 0 6
10 52 0 0 0 0 0 0 0 0 0 1 2 3.45 0.35 5
42.4 34 1 0 0 0 0 0 0 0 0 0 1 4.1 0 5
11.9 32 0 0 0 0 0 0 0 0 0 1 2 4.1 0.3 6
38.5 64 1 1 0 0 0 0 0 0 0 0 2 1.3 0 5
51.9 41 0 0 0 0 0 0 0 0 0 0 2 2.1 0.6 5
149 43 0 0 0 0 0 0 0 0 0 1 4 3.575 0.957536 5
20.8 34 1 0 0 0 0 0 0 0 0 1 3 3.16667 0.880656 5
25.5 30 0 0 0 0 0 0 0 0 0 0 4 3.05 0.05 5
20.4 56 1 0 0 1 0 0 0 0 0 0 2 2.4 1.2 5
10 40 0 0 0 0 0 0 0 0 0 1 2 2.3 1.2 5
33 56 1 0 0 1 0 0 0 0 0 0 1 4 0 5
18 56 1 0 0 1 0 0 0 0 0 0 1 3 0 6
146.3 8 1 0 0 1 0 0 0 0 0 0 1 1.8 0 5
175.9 26 1 0 0 0 0 0 0 0 0 0 6 2.15 1.37689 5
581.9 34 1 1 0 1 1 0 0 0 0 0 31 2.80968 1.10113 7
156 41 1 0 0 0 0 0 0 0 0 0 1 2 0 5
116.7 34 1 0 0 0 0 0 0 0 0 0 1 4.1 0 6
169.3 43 0 0 0 0 0 0 0 0 0 1 2 2.45 0.65 5
33 26 1 0 0 1 0 0 0 0 0 0 1 4.1 0 6
33 30 0 0 0 0 0 0 0 0 0 0 3 3.03333 0.309121 5
25.5 46 1 1 0 1 0 0 0 0 0 0 1 2.2 0 6
15.9 34 0 0 0 0 0 0 0 0 0 0 1 3.9 0 5
1 26 1 0 0 1 0 0 0 0 0 0 1 2.4 0 5
10 65 0 0 0 0 0 0 0 0 0 1 1 2.2 0 5
15 34 1 0 0 0 0 0 0 0 0 0 1 0.9 0 6
43.5 26 1 0 0 1 0 0 0 0 0 0 2 3.9 0.2 5
9.4 46 1 1 0 1 0 0 0 0 0 0 2 2.75 0.45 6
70.3 30 0 0 0 0 0 0 0 0 0 0 1 3.6 0 5
164.7 43 0 0 0 0 0 0 0 0 0 1 2 3.25 0.25 5
4.1 14 0 0 0 0 0 0 0 0 0 0 2 2.7 1.7 5
12.9 74 0 0 0 0 0 0 0 0 0 1 1 4.2 0 6
8.1 30 0 0 0 0 0 0 0 0 0 0 2 3.35 0.45 6
10 36 0 0 0 1 0 0 1 0 0 0 1 2.2 0 5
10 37 0 0 0 0 0 0 1 0 0 1 1 3.2 0 6
24.9 34 1 0 0 0 0 0 0 0 0 1 1 3.9 0 5
10 1 0 0 0 0 0 0 1 0 0 0 3 2.06667 0.555778 5
10 1 0 0 0 0 0 0 1 0 0 0 2 3.25 0.45 5
6 26 0 0 1 0 0 0 0 0 0 0 1 1.4 0 5
95.5 34 1 0 0 0 0 0 0 0 0 0 1 1.8 0 5
15 71 1 0 0 0 0 0 0 0 0 0 2 3.4 0.4 5
142.4 34 1 0 0 0 0 0 0 0 0 0 2 2.5 0.1 5
69.9 34 1 0 0 0 0 0 0 0 0 0 6 2.66667 0.960324 6
14.3 30 0 0 0 0 0 0 0 0 0 0 3 3.1 0.725718 5
80 34 1 0 0 0 0 0 0 0 0 0 2 2.55 1.55 5
74.1 34 1 0 0 0 0 0 0 0 0 0 5 3.44 0.845222 5
10 21 0 0 0 0 0 0 0 0 0 1 1 4.1 0 6
10 21 0 0 0 0 0 0 0 0 0 1 1 1.1 0 5
2 34 1 0 0 0 0 0 0 0 0 0 5 2.34 1.14298 6
10 70 0 0 0 0 0 0 0 0 0 1 4 3.1 0.724569 5
17.5 54 0 0 0 0 0 0 0 0 0 1 3 1.66667 0.956847 5
48.8 8 1 0 0 1 0 0 0 0 0 0 2 2.3 0.6 5
30.6 41 1 0 0 1 0 0 0 0 0 0 1 3.2 0 6
8.7 30 0 0 0 0 0 0 0 0 0 0 2 4.2 0.1 6
32.1 25 1 0 0 1 0 0 0 0 0 0 1 3.6 0 5
25.9 26 1 0 0 1 0 0 0 0 0 0 9 2.23333 0.816497 5
40.1 26 1 0 0 0 0 0 0 0 0 0 36 2.93333 1.07678 5
160 34 1 0 0 0 0 0 0 0 0 0 14 2.31429 1.09666 5
31.8 26 1 0 0 0 0 0 0 0 0 0 1 3.3 0 5
61.5 68 1 0 0 1 0 0 0 0 0 0 1 1.3 0 5
61.5 44 1 1 0 1 0 0 0 0 0 0 4 2.3 0.972111 6
10 40 0 0 0 0 0 0 0 0 0 1 17 1.51176 0.853975 6
141.5 15 1 0 0 1 0 0 0 0 0 1 5 3.06 0.868562 5
43.5 41 1 0 0 0 0 0 0 0 0 0 1 3.8 0 5
7.4 5 1 0 0 1 0 0 0 0 0 0 1 2.4 0 6
34 34 1 0 0 0 0 0 0 0 0 0 2 2.45 0.45 5
10 65 0 0 0 0 0 0 0 0 0 1 35 2.72571 1.21687 5
10 34 0 0 0 0 0 0 0 0 0 0 4 2.775 0.690561 5
206.5 30 0 0 0 0 0 0 0 0 0 0 2 2.4 0.3 6
29.1 26 1 0 0 0 0 0 0 0 0 0 14 2.49286 1.18229 5
22 34 1 0 0 0 0 0 0 0 0 0 4 3.5 0.982344 6
99.8 44 1 1 0 1 0 0 0 0 0 0 1 2.7 0 6
10 21 0 0 0 0 0 0 0 0 0 1 6 2.28333 1.27203 5
10 14 0 1 0 1 0 0 0 0 0 0 1 1.5 0 5
10 14 0 1 0 1 0 0 0 0 0 0 1 3.3 0 5
10 32 0 0 0 0 0 0 0 0 0 1 8 2.5875 1.03614 5
10 14 0 1 0 1 0 0 0 0 0 0 7 2.22857 0.970588 6
10 63 0 0 0 0 0 0 1 0 0 0 3 3.66667 0.654896 5
10 34 1 0 0 0 0 0 0 0 0 0 1 1.8 0 5
42.8 34 1 1 0 1 1 0 0 0 0 0 3 1.93333 0.654896 6
26.2 56 1 0 0 1 0 0 0 0 0 0 2 3.1 0.9 5
10 40 0 0 0 0 0 0 0 0 0 1 37 2.83243 1.07529 6
3.5 47 0 0 0 0 0 0 0 0 0 0 1 3.2 0 5
26.8 41 1 0 0 0 0 0 0 0 0 0 1 2.3 0 5
11.5 47 0 0 0 0 0 0 0 0 0 0 1 3.9 0 5
65.7 56 1 0 0 1 0 0 0 0 0 0 2 1.45 0.35 5
27.3 41 1 0 0 1 0 0 0 0 0 0 3 3.1 0.355903 6
10 1 0 0 0 0 0 0 0 0 0 1 5 2.98 0.970361 5
8.8 47 0 0 0 0 0 0 0 0 0 0 7 3.11429 1.18253 6
10 1 0 0 0 0 0 0 0 0 0 1 2 2.2 0.8 6
10 65 0 0 0 0 0 0 0 0 0 1 3 1.73333 0.410961 5
10 65 0 0 0 0 0 0 0 0 0 1 31 2.02903 0.250411 5
64.6 34 1 0 0 0 0 0 0 0 0 0 1 3.5 0 5
40.7 41 1 0 0 1 0 0 0 0 0 0 1 4.5 0 6
14.3 30 0 0 0 0 0 0 0 0 0 0 2 2.35 0.75 5
23.8 26 1 0 0 0 0 0 0 0 0 0 13 2.60769 0.761033 5
81 68 1 0 0 1 0 0 0 0 0 0 3 2.93333 0.758654 5
2 34 1 0 0 0 0 0 0 0 0 0 2 2.55 1.15 5
121 26 1 0 0 0 0 0 0 0 0 0 6 3.98333 0.318416 5
2.2 47 0 0 0 0 0 0 0 0 0 1 6 3.03333 0.837987 6
10 52 0 0 0 0 0 0 0 0 0 1 3 3.93333 0.54365 6
40.7 26 1 0 0 1 0 0 0 0 0 0 3 3.56667 0.329983 5
10 67 1 0 0 0 0 0 0 0 0 1 3 2.7 0.326599 6
2.9 1 0 0 0 0 0 0 0 0 0 1 2 2.95 0.95 5
46.6 34 1 0 0 0 0 0 0 0 0 0 1 2 0 5
1.9 42 1 0 0 1 0 0 0 0 0 0 1 2.8 0 5
5 42 1 0 0 1 0 0 0 0 0 0 2 2.75 0.75 5
0.5 56 1 0 0 1 0 0 0 0 0 0 4 2.675 1.28525 5
10 45 1 0 0 0 0 0 0 0 0 0 2 1.85 0.95 5
15 21 0 0 0 0 0 0 0 0 0 1 3 1.43333 0.368179 5
12.3 34 0 0 0 0 0 0 0 0 0 0 1 4.1 0 6
10.3 21 0 0 0 0 0 0 0 0 0 1 1 1.4 0 5
10 21 0 0 0 0 0 0 0 0 0 1 1 2.7 0 5
2 34 1 0 0 0 0 0 0 0 0 0 18 2.69444 0.822241 5
46.1 41 1 0 0 1 0 0 0 0 0 0 7 2.6 0.966585 5
84.4 26 1 0 0 0 0 0 0 0 0 0 1 3.5 0 6
108.9 26 1 0 0 0 0 0 0 0 0 0 1 2.3 0 6
107.9 34 1 0 0 0 0 0 0 0 0 0 4 3 0.0707107 5
30.6 29 1 0 0 1 1 0 1 0 0 0 5 3.08 1.61914 5
10 21 0 0 0 0 0 0 0 0 0 1 2 4.05 0.35 5
11.7 32 0 0 0 0 0 0 0 0 0 1 2 2.9 0.7 6
5 64 1 0 0 1 0 0 0 0 0 0 1 3.6 0 5
37 41 1 0 0 0 0 0 0 0 0 0 1 3.1 0 5
26.6 43 1 0 0 0 0 0 0 0 0 1 1 2.3 0 6
10 65 0 0 0 0 0 0 0 0 0 1 1 1.6 0 6
20.1 41 1 0 0 1 0 0 0 0 0 0 2 1.85 0.85 6
2.5 12 0 0 0 0 0 0 0 0 0 0 2 2.45 0.55 5
22.1 64 0 0 0 0 0 0 0 0 0 0 1 0.7 0 6
21.8 41 1 0 0 1 0 0 0 0 0 0 1 4.8 0 5
63.5 26 1 0 0 0 0 0 0 0 0 0 1 3.4 0 5
59.4 34 1 0 0 0 0 0 0 0 0 0 1 4.4 0 5
15.2 67 1 0 0 0 0 0 0 0 0 1 3 2.43333 1.32749 6
10 67 1 0 0 0 0 0 0 0 0 1 2 2.3 0.5 6
21.6 43 0 0 0 0 0 0 0 0 0 1 4 2.325 0.965337 5
74.7 67 1 0 0 0 0 0 0 0 0 1 4 2.625 1.23364 5
72.1 34 1 1 0 1 1 0 0 0 0 0 33 2.54848 1.01238 5
69.4 26 1 0 0 0 0 0 0 0 0 0 2 1.8 0.9 5
33 67 1 0 0 0 0 0 0 0 0 1 2 2.9 0 6
10 67 1 0 0 0 0 0 0 0 0 1 3 2.5 1.57692 6
11.3 67 1 0 0 0 0 0 0 0 0 1 2 2.5 0.3 7
10 21 0 0 0 0 0 0 0 0 0 1 2 3.45 1.35 5
39.1 26 1 0 0 0 0 0 0 0 0 0 3 3.43333 0.771722 5
38.1 26 1 0 0 0 0 0 0 0 0 0 2 3.25 0.25 5
50.5 26 1 0 0 1 0 0 0 0 0 0 2 2.6 0.7 5
17.6 29 1 0 0 1 1 0 1 0 0 0 1 3.8 0 5
36 41 1 0 0 0 0 0 0 0 0 0 3 2.36667 0.601849 5
41.5 34 1 1 0 1 1 0 0 0 0 0 6 3.86667 0.904925 5
58.1 34 1 1 0 1 1 0 0 0 0 0 1 3.7 0 5
98.5 12 1 0 0 0 0 0 0 0 0 0 1 3.8 0 6
14.7 12 0 0 0 0 0 0 0 0 0 0 1 1.7 0 5
4 30 0 0 0 0 0 0 0 0 0 0 1 3.5 0 6
35.1 26 1 0 0 0 0 0 0 0 0 0 4 2.95 0.438748 5
10 52 0 0 0 0 0 0 0 0 0 1 4 2.45 1.14564 6
10 21 0 0 0 0 0 0 0 0 0 1 1 4.4 0 5
20.5 26 1 0 0 0 0 0 0 0 0 0 3 3.13333 1.52825 5
62.4 34 1 0 0 0 0 0 0 0 0 0 1 2.3 0 5
28.1 34 1 1 0 1 1 0 0 0 0 0 4 2.475 1.19661 5
81.4 15 1 0 0 1 0 0 0 0 0 1 2 1.9 0 6
36.5 34 1 0 0 0 0 0 0 0 0 0 3 3 1.27541 6
17.7 34 1 0 0 0 0 0 0 0 0 1 2 3.35 0.95 5
47.7 26 1 0 0 0 0 0 0 0 0 0 4 1.55 0.25 5
60.6 41 1 0 0 0 0 0 0 0 0 0 1 1 0 5
4.8 42 1 0 0 1 0 0 0 0 0 0 2 1.25 0.65 5
77.4 12 0 0 0 0 0 0 0 0 0 0 29 2.87586 0.873224 5
1.2 1 0 0 0 0 0 0 1 0 0 1 5 1.82 0.851822 5
10 75 0 0 0 0 0 0 0 0 0 0 8 1.7125 0.425551 5
26.9 26 1 0 0 0 0 0 0 0 0 0 2 3.35 0.15 5
99.8 26 0 0 1 0 0 0 0 0 0 0 2 3.4 0.4 7
75.5 34 1 0 0 0 0 0 0 0 0 0 3 2.66667 0.873053 5
114 15 1 0 0 1 0 0 0 0 0 1 12 2.65 0.95 6
10 65 0 0 0 0 0 0 0 0 0 1 5 2.8 0.797496 5
2 26 1 0 0 0 0 0 0 0 0 0 4 3.325 1.44114 5
22.7 26 1 0 0 0 0 0 0 0 0 0 1 3.7 0 6
506.2 26 1 0 0 0 0 0 0 0 0 1 2 2.6 1.2 5
89.6 15 1 0 0 1 0 0 0 0 0 1 3 2.33333 0.20548 6
62.3 34 1 1 0 1 1 0 0 0 0 0 1 3.3 0 5
121.2 26 1 0 0 1 0 0 0 0 0 0 3 2.13333 0.449691 6
32.7 18 0 0 0 0 0 0 0 0 0 0 1 4.5 0 6
41 18 0 0 1 1 0 0 0 0 0 0 6 2.86667 1.06562 5
133.9 14 0 1 0 1 0 0 0 0 0 0 2 2.45 0.25 6
32.5 18 0 0 1 1 0 0 0 0 0 0 18 2.7 1.06092 5
193.9 30 0 0 0 0 0 0 0 0 0 0 3 2.86667 0.997775 5
35.6 34 1 0 0 0 0 0 0 0 0 0 3 3.66667 0.286744 5
5.4 12 0 0 0 0 0 0 0 0 0 0 7 3.74286 0.50669 5
11.7 71 1 0 0 0 0 0 0 0 0 0 4 3.125 1.0963 5
25.5 59 1 1 0 1 0 0 0 0 0 0 1 2.2 0 5
546.4 26 0 0 0 0 0 0 0 0 0 0 54 2.85185 1.10934 5
155.4 64 1 0 0 0 0 0 0 0 0 0 1 1.3 0 5
28 59 1 1 0 1 0 0 0 0 0 0 3 1.96667 0.679869 6
87.7 11 1 1 0 1 0 0 0 0 0 0 1 4.1 0 6
10 36 0 0 0 1 0 0 1 0 0 0 2 3.7 0.1 5
38.8 56 1 0 0 1 0 0 0 0 0 0 2 1.7 0.5 6
33 56 1 0 0 1 0 0 0 0 0 0 1 3.2 0 5
10 36 0 0 0 1 0 0 1 0 0 0 1 3.9 0 5
10 36 0 0 0 1 0 0 1 0 0 0 3 3.03333 1.65798 7
8 34 1 0 0 0 0 0 0 0 0 0 2 1.55 0.65 5
42 34 1 0 0 0 0 0 0 0 0 0 1 3.9 0 5
17.7 56 1 0 0 1 0 0 0 0 0 0 5 2.96 1.03653 6
0.7 56 1 0 0 1 0 0 0 0 0 0 1 3.9 0 5
9 56 1 0 0 1 0 0 0 0 0 0 1 1.7 0 6
33 59 1 0 0 0 0 0 0 0 0 0 31 2.64516 1.02763 5
17.7 10 1 0 0 0 0 0 0 0 0 0 1 3.4 0 5
1.7 56 1 0 0 1 0 0 0 0 0 0 1 1 0 5
33 56 1 0 0 1 0 0 0 0 0 0 19 2.75789 1.19001 5
6.3 56 1 0 0 1 0 0 0 0 0 0 1 4 0 5
5.1 56 1 0 0 1 0 0 0 0 0 0 1 2.7 0 7
33 34 1 0 0 0 0 0 0 0 0 0 2 3.4 0.5 5
0.2 14 0 0 0 0 0 0 0 0 0 0 2 3.7 0.7 5
11.8 12 0 1 0 1 0 0 0 0 0 0 3 2.96667 1.22565 5
119.1 34 1 0 0 0 0 0 0 0 0 0 2 3.05 0.05 5
128.2 41 1 0 0 0 0 0 0 0 0 0 4 2.875 1.04253 5
6.8 13 0 0 0 0 0 0 0 0 0 0 5 2.94 0.821219 6
13.4 10 1 0 0 0 0 0 0 0 0 0 2 1.7 0.9 5
34.1 18 0 0 0 0 0 0 0 0 0 0 3 2.56667 1.37194 5
30.1 18 0 0 0 0 0 0 0 0 0 0 2 1 0.5 5
59.1 34 0 1 0 1 0 0 0 0 0 0 2 3.15 0.55 5
14.1 10 1 0 0 0 0 0 0 0 0 0 6 2.25 0.423281 5
27.8 10 1 0 0 0 0 0 0 0 0 0 41 2.96098 1.07338 5
35 10 1 0 0 0 0 0 0 0 0 0 4 3.425 1.53195 5
21.2 10 1 0 0 0 0 0 0 0 0 0 5 2.88 1.02255 6
39.6 11 1 0 0 0 0 0 0 0 0 1 5 3.38 0.913017 6
24.5 11 1 0 0 1 0 0 1 0 0 0 1 3.9 0 6
9.9 34 0 0 0 0 0 0 0 0 0 0 5 3.2 1.11176 5
33 34 1 0 0 0 0 0 0 0 0 0 2 3.35 0.55 5
15 34 1 0 0 0 0 0 0 0 0 0 2 3.55 0.25 5
37.4 34 0 1 0 1 0 0 0 0 0 0 2 2.15 1.25 5
24.6 34 0 1 0 1 0 0 0 0 0 0 3 1.5 0.637704 6
119.1 34 1 0 0 0 0 0 0 0 0 0 1 2.6 0 5
51.1 34 0 1 0 1 0 0 0 0 0 0 4 1.925 1.22755 5
22 1 0 0 0 0 0 0 0 0 0 1 18 2.53333 1.08321 5
0 34 1 0 0 0 0 0 0 0 0 0 5 2.5 0.954987 5
15 41 1 0 1 0 0 0 0 0 0 0 6 2.16667 0.549747 7
33 44 1 0 0 0 0 0 0 0 0 1 18 2.18333 1.21347 5
19.2 34 1 0 0 0 0 0 0 0 0 0 7 3.11429 0.633423 5
200.6 64 1 0 1 0 0 0 0 0 0 0 1 1.8 0 5
19.5 34 1 0 0 0 0 0 0 0 0 0 19 2.37895 0.78645 5
567.5 64 0 0 0 0 0 0 0 0 0 0 1 3.1 0 6
10 39 0 0 0 0 0 0 0 0 0 1 3 3.83333 0.555778 6
10 39 0 0 0 0 0 0 0 0 0 1 3 3.13333 0.917727 6
7 34 1 0 0 0 0 0 0 0 0 0 2 3.7 0.3 5
15 34 1 0 0 0 0 0 0 0 0 0 2 2.65 1.15 5
104.4 15 1 0 0 1 0 0 0 0 0 1 1 3.4 0 5
561.1 64 0 0 0 0 0 0 0 0 0 0 20 2.57 0.994535 6
13.8 34 1 0 0 0 0 0 0 0 0 0 3 2.9 1.56418 5
22.4 34 1 0 0 0 0 0 0 0 0 0 1 1.4 0 5
14.2 34 1 0 0 0 0 0 0 0 0 0 3 2.9 0.282843 5
39.1 34 1 0 0 0 0 0 0 0 0 0 6 2.48333 1.11865 5
41.8 34 1 0 0 0 0 0 0 0 0 0 2 2.45 0.05 6
22.2 34 1 0 0 0 0 0 0 0 0 0 1 2 0 5
41.1 34 1 0 0 0 0 0 0 0 0 0 15 2.57333 0.992953 6
33 15 1 0 0 1 0 0 0 0 0 1 1 1.7 0 6
23.1 34 1 0 0 0 0 0 0 0 0 0 2 2.6 1.2 7
143.9 41 1 0 0 0 0 0 0 0 0 0 7 2.75714 1.13623 5
68.1 41 1 0 0 0 0 0 0 0 0 0 7 3.27143 0.544359 5
40.8 26 0 0 1 0 0 0 0 0 0 0 4 2.525 1.15839 6
46.5 26 0 0 1 0 0 0 0 0 0 0 4 2.575 1.93051 5
25.8 34 1 0 0 0 0 0 0 0 0 0 5 2.56 1.2093 5
40.1 26 0 0 1 0 0 0 0 0 0 0 3 2.5 0.711805 6
81.2 25 1 0 0 1 0 0 0 0 0 0 6 2.08333 0.980504 5
22 41 1 0 0 0 0 0 0 0 0 0 3 3.16667 1.19536 5
16.8 46 1 1 0 1 0 0 0 0 0 0 1 4.6 0 5
13.2 46 1 1 0 1 0 0 0 0 0 0 2 2.9 0.4 7
10 46 1 1 0 1 0 0 0 0 0 0 1 3 0 5
10 65 0 0 0 0 0 0 0 0 0 1 4 2.975 0.794906 5
7.4 34 1 0 0 1 0 0 0 0 0 0 12 3.13333 1.27301 5
42.1 34 1 0 0 0 0 0 0 0 0 0 2 3.45 0.95 5
31.2 34 1 0 0 0 0 0 0 0 0 0 2 2.9 1 5
39 34 1 0 0 0 0 0 0 0 0 0 2 3.55 0.45 5
42.3 34 1 0 0 0 0 0 0 0 0 0 4 2.5 1.06301 5
42 34 1 0 0 1 0 0 0 0 0 0 1 0.9 0 5
28.7 34 1 0 0 0 0 0 0 0 0 0 1 2.7 0 5
27.2 34 1 0 0 0 0 0 0 0 0 0 1 3.4 0 5
48.9 34 1 0 0 0 0 0 0 0 0 0 23 2.64348 1.12784 6
10 21 0 0 0 0 0 0 0 0 0 1 3 1.73333 0.736357 5
39.7 34 1 0 0 0 0 0 0 0 0 0 1 4.1 0 5
24.7 34 1 0 0 0 0 0 0 0 0 1 4 2.2 0.65192 5
47.6 34 1 0 0 0 0 0 0 0 0 0 2 1.15 0.25 5
33 34 1 0 0 0 0 0 0 0 0 0 1 3.8 0 5
27 26 1 0 0 1 0 0 0 0 0 0 696 2.1602 0.453384 6
22.2 34 1 0 0 0 0 0 0 0 0 1 19 2.81053 1.18938 5
24 34 1 0 0 0 0 0 0 0 0 0 4 1.775 1.5498 5
39.9 34 1 0 0 0 0 0 0 0 0 0 2 2.45 0.45 5
50.6 34 1 0 0 0 0 0 0 0 0 0 5 2.82 0.331059 5
28.2 34 1 0 0 0 0 0 0 0 0 0 6 2.41667 1.13493 5
30.4 34 1 0 0 0 0 0 0 0 0 1 1 3.2 0 5
33 34 1 0 0 0 0 0 0 0 0 0 12 2.19167 0.879828 5
24.5 34 1 0 0 0 0 0 0 0 0 0 3 1.5 1.00333 6
30 34 1 0 0 0 0 0 0 0 0 0 8 3.5375 0.708762 6
25.6 34 1 0 0 0 0 0 0 0 0 1 2 3.7 0.5 5
23.8 34 1 0 0 0 0 0 0 0 0 0 3 2.1 0.860233 6
41.7 34 1 0 0 0 0 0 0 0 0 0 1 4.2 0 6
33 41 1 0 0 1 0 0 0 0 0 0 1 3.9 0 5
33 34 1 0 0 0 0 0 0 0 0 0 2 1.35 1.25 5
25.4 34 1 0 0 0 0 0 0 0 0 1 15 2.99333 0.945492 5
30.1 34 1 0 0 0 0 0 0 0 0 0 5 2.68 1.0008 5
38.1 34 1 0 0 0 0 0 0 0 0 1 3 3.1 1.43062 5
38.2 34 1 0 0 0 0 0 0 0 0 0 3 1.16667 0.169967 5
23.5 34 1 0 0 0 0 0 0 0 0 0 2 3.7 0.2 5
40.6 34 1 0 0 0 0 0 0 0 0 0 9 2.83333 1.06562 5
66.2 34 1 0 0 0 0 0 0 0 0 0 3 3.33333 1.34743 5
65.6 34 1 0 0 0 0 0 0 0 0 1 1 3.5 0 5
52.5 34 1 0 0 0 0 0 0 0 0 0 2 1.4 0.6 6
24.5 34 1 0 0 0 0 0 0 0 0 0 1 1.6 0 5
12.3 34 1 0 0 0 0 0 0 0 0 0 5 3 0.792465 5
23.8 34 1 0 0 0 0 0 0 0 0 0 2 1.65 0.55 6
28.6 34 1 0 0 0 0 0 0 0 0 0 6 2.26667 1.22293 5
36 34 1 0 0 0 0 0 0 0 0 0 1 4.4 0 5
30 34 1 0 0 0 0 0 0 0 0 0 5 2.34 0.402989 5
46.2 34 1 0 0 0 0 0 0 0 0 0 3 3.16667 0.385861 5
9.3 34 1 0 0 0 0 0 0 0 0 0 2 4.2 0.3 6
9.9 34 1 0 0 0 0 0 0 0 0 0 5 2.54 1.56793 6
26.5 34 1 0 0 0 0 0 0 0 0 0 76 2.83553 1.09661 5
29.2 34 1 0 0 0 0 0 0 0 0 0 2 4.15 0.65 5
26 34 1 0 0 0 0 0 0 0 0 1 7 3.02857 1.12086 5
28.4 34 1 0 0 0 0 0 0 0 0 0 7 2.38571 1.19095 5
24.6 34 1 0 0 0 0 0 0 0 0 0 5 2.58 1.04575 5
28.8 34 1 0 0 0 0 0 0 0 0 0 28 2.79643 1.00302 5
21.2 34 1 0 0 0 0 0 0 0 0 0 1 0.5 0 5
24.2 34 1 0 0 0 0 0 0 0 0 1 3 1.9 0.648074 5
25.3 34 1 0 0 0 0 0 0 0 0 1 19 2.62105 0.93391 6
24.8 34 1 0 0 0 0 0 0 0 0 0 1 3 0 5
27.2 34 1 0 0 0 0 0 0 0 0 1 1 3 0 5
30 34 1 0 0 0 0 0 0 0 0 0 1 2 0 5
25.3 34 1 0 0 0 0 0 0 0 0 0 3 1.73333 0.0471405 5
6.6 34 1 0 0 0 0 0 0 0 0 1 11 2.33636 1.11378 5
31.8 34 1 0 0 0 0 0 0 0 0 1 7 2.02857 0.827586 5
48.9 34 1 0 0 0 0 0 0 0 0 0 2 3.15 1.55 6
33 34 1 0 0 0 0 0 0 0 0 0 8 2.6375 1.04036 5
13.9 34 1 0 0 0 0 0 0 0 0 0 3 3.1 1.91311 6
30.2 34 1 0 0 0 0 0 0 0 0 0 3 3.53333 0.713364 6
32.2 34 1 0 0 0 0 0 0 0 0 0 1 2.9 0 6
49.9 34 1 0 0 0 0 0 0 0 0 0 2 2.9 0.3 5
17.3 34 1 0 0 0 0 0 0 0 0 0 4 2.925 0.875714 5
24.6 34 1 0 0 0 0 0 0 0 0 0 4 2 1.50831 6
56.2 34 1 0 0 0 0 0 0 0 0 0 4 2.825 0.980752 5
27.4 34 1 0 0 0 0 0 0 0 0 0 1 1.6 0 5
39.1 34 1 0 0 0 0 0 0 0 0 0 1 3.1 0 5
28.8 34 1 0 0 0 0 0 0 0 0 0 2 2.75 0.35 5
46.7 34 1 0 0 0 0 0 0 0 0 0 9 3.14444 1.19174 5
30 34 1 0 0 0 0 0 0 0 0 0 13 2.47692 0.987735 5
23.4 34 1 0 0 0 0 0 0 0 0 0 2 2.2 0.7 5
23.1 34 1 0 0 0 0 0 0 0 0 0 1 1.6 0 5
30 34 1 0 0 0 0 0 0 0 0 0 3 2.56667 1.06562 6
31.9 34 1 0 0 0 0 0 0 0 0 0 3 1.86667 0.917727 6
20.3 34 1 0 0 0 0 0 0 0 0 0 2 3.35 0.65 5
31.5 34 1 0 0 0 0 0 0 0 0 0 4 3.625 0.660965 5
30 34 1 0 0 0 0 0 0 0 0 0 84 2.87619 1.09758 5
33.1 34 1 0 0 0 0 0 0 0 0 0 1 0.5 0 6
124.2 26 1 0 0 0 0 0 0 0 0 0 2 2.7 1.4 6
53 34 1 1 0 1 1 0 0 0 0 0 3 1.63333 0.984322 5
29.2 34 1 0 0 0 0 0 0 0 0 0 8 2.15 1.02103 6
32.6 34 1 0 0 0 0 0 0 0 0 0 2 3.65 0.85 6
26.4 34 1 0 0 0 0 0 0 0 0 1 30 2.98 0.844354 5
33 34 1 0 0 0 0 0 0 0 0 0 5 3.44 0.272764 5
26.6 34 1 0 0 0 0 0 0 0 0 0 3 1.4 2.22045e-16 5
30.2 34 1 0 0 0 0 0 0 0 0 0 7 3.07143 0.651842 5
30 34 1 0 0 0 0 0 0 0 0 0 2 2.45 0.45 5
25.8 34 1 0 0 0 0 0 0 0 0 0 7 2.51429 0.970167 5
15.2 34 1 0 0 0 0 0 0 0 0 1 1 2.7 0 5
24.1 34 1 0 0 0 0 0 0 0 0 0 1 2.3 0 5
29.4 34 1 0 0 0 0 0 0 0 0 0 3 1.93333 0.235702 5
39.7 34 1 0 0 0 0 0 0 0 0 0 2 3.05 0.45 5
17.7 34 1 0 0 0 0 0 0 0 0 0 1 2.7 0 5
33 34 1 0 0 0 0 0 0 0 0 0 5 2.9 1.16447 5
18.3 34 1 0 0 0 0 0 0 0 0 0 2 1.95 0.35 5
18 34 1 0 0 0 0 0 0 0 0 0 1 4.6 0 6
20.5 34 1 0 0 0 0 0 0 0 0 1 2 3.5 0.1 6
26.3 34 1 0 0 0 0 0 0 0 0 1 4 3.35 0.593717 5
28.6 34 1 0 0 0 0 0 0 0 0 1 1 3 0 5
30 34 1 0 0 0 0 0 0 0 0 0 4 3.075 1.11215 5
26.8 34 1 0 0 0 0 0 0 0 0 0 9 3 1.18415 6
29.2 34 1 0 0 0 0 0 0 0 0 0 24 3.22083 0.975098 5
21.1 34 1 0 0 0 0 0 0 0 0 0 9 3.44444 1.10666 5
30 34 1 0 0 0 0 0 0 0 0 1 2 2.8 0.5 5
25.9 34 1 0 0 0 0 0 0 0 0 1 1 4.5 0 5
20.6 34 1 0 0 0 0 0 0 0 0 1 5 1.78 1.06471 5
32.8 34 1 0 0 0 0 0 0 0 0 0 1 2.4 0 5
13.6 34 1 0 0 0 0 0 0 0 0 1 1 3.3 0 6
30 34 1 0 0 0 0 0 0 0 0 1 2 3.05 0.85 6
30 34 1 0 0 0 0 0 0 0 0 1 4 1.75 0.606218 5
39 34 1 0 0 0 0 0 0 0 0 0 1 4.2 0 6
39.6 34 1 0 0 0 0 0 0 0 0 0 8 2.175 0.573912 5
32 34 1 0 0 0 0 0 0 0 0 0 1 2.7 0 5
33 34 1 0 0 0 0 0 0 0 0 0 3 3.1 0.816497 5
26.9 34 1 0 0 0 0 0 0 0 0 1 5 2.3 0.927362 6
30 34 1 0 0 0 0 0 0 0 0 0 4 2.4 0.494975 6
14.7 34 1 0 0 0 0 0 0 0 0 1 3 2.93333 1.39124 5
36 34 1 0 0 0 0 0 0 0 0 0 1 4.4 0 5
27.2 34 1 0 0 0 0 0 0 0 0 0 2 1.3 0.6 5
16.7 34 1 0 0 0 0 0 0 0 0 0 1 3.4 0 7
21.4 34 1 0 0 0 0 0 0 0 0 0 2 2.1 0 5
32 34 1 0 0 0 0 0 0 0 0 0 4 3.5 0.430116 5
50.8 34 1 0 0 0 0 0 0 0 0 0 4 2.575 0.544862 5
23.6 34 1 0 0 0 0 0 0 0 0 0 8 2.3625 0.880252 5
38.3 34 1 0 0 0 0 0 0 0 0 0 1 3.3 0 5
33 34 1 0 0 0 0 0 0 0 0 0 5 3.1 1.07517 5
24.3 34 1 0 0 0 0 0 0 0 0 0 1 3.2 0 5
19.4 34 1 0 0 0 0 0 0 0 0 0 2 2.8 0.5 6
24.1 34 1 0 0 0 0 0 0 0 0 1 8 3.6375 0.556636 6
24.8 34 1 0 0 0 0 0 0 0 0 0 2 1.35 0.25 5
33 34 1 0 0 0 0 0 0 0 0 0 9 2.7 1.17851 5
29.3 34 1 0 0 0 0 0 0 0 0 0 4 3.4 1.0025 5
23.3 34 1 0 0 0 0 0 0 0 0 1 2 1.3 0.3 6
21.8 34 1 0 0 0 0 0 0 0 0 0 6 2.38333 0.992332 5
27.1 34 1 0 0 0 0 0 0 0 0 0 4 2.5 0.724569 5
33 34 1 0 0 0 0 0 0 0 0 0 3 3.23333 0.524934 5
24.2 34 1 0 0 0 0 0 0 0 0 0 1 2.4 0 5
27.1 34 1 0 0 0 0 0 0 0 0 1 3 1.83333 1.31993 5
24.7 34 1 0 0 0 0 0 0 0 0 0 1 4.2 0 5
22.1 34 1 0 0 0 0 0 0 0 0 0 5 1.9 0.167332 6
23.5 34 1 0 0 0 0 0 0 0 0 0 1 3 0 5
0 34 1 0 0 0 0 0 0 0 0 0 1 2.7 0 5
33 34 1 0 0 0 0 0 0 0 0 0 2 3.7 0.2 5
33 34 1 0 0 0 0 0 0 0 0 0 3 2.83333 1.18977 5
15 34 1 0 0 0 0 0 0 0 0 1 1 2.6 0 5
21.9 34 1 0 0 0 0 0 0 0 0 0 1 3.2 0 5
33 34 1 0 0 0 0 0 0 0 0 0 1 3.4 0 5
30 34 1 0 0 0 0 0 0 0 0 0 1 2.2 0 5
25.5 34 1 0 0 0 0 0 0 0 0 0 1 0.8 0 5
29.1 34 1 0 0 0 0 0 0 0 0 1 1 2 0 5
27.6 34 1 0 0 0 0 0 0 0 0 0 22 3.05909 0.904865 5
32.3 34 1 0 0 0 0 0 0 0 0 0 2 2 0.8 5
33 34 1 0 0 0 0 0 0 0 0 0 2 2.45 0.05 5
37.6 34 1 0 0 0 0 0 0 0 0 0 4 3.175 1.03531 5
30 34 1 0 0 0 0 0 0 0 0 0 2 0.45 0.05 5
31.7 34 1 0 0 0 0 0 0 0 0 0 5 3.1 1.07145 7
33.7 34 1 0 0 0 0 0 0 0 0 0 10 3.1 0.920869 5
47.9 34 1 0 0 0 0 0 0 0 0 0 3 2.6 0.979796 6
28.6 34 1 0 0 0 0 0 0 0 0 0 4 3.35 0.384057 5
27.8 34 1 0 0 0 0 0 0 0 0 0 1 3.9 0 6
30 34 1 0 0 0 0 0 0 0 0 0 1 2.5 0 5
52 34 1 0 0 0 0 0 0 0 0 0 4 2.625 1.20908 6
37.7 34 1 0 0 0 0 0 0 0 0 0 1 1.5 0 5
24.5 34 1 0 0 0 0 0 0 0 0 1 1 1.2 0 5
42.5 34 1 0 0 0 0 0 0 0 0 0 15 1.91333 0.79822 6
33 34 1 0 0 0 0 0 0 0 0 0 16 1.59375 0.576052 5
22.6 34 1 0 0 0 0 0 0 0 0 0 1 4.7 0 5
34.1 34 1 0 0 0 0 0 0 0 0 0 1 1 0 6
38.9 34 1 0 0 0 0 0 0 0 0 0 3 3.2 0.424264 6
30 34 1 0 0 0 0 0 0 0 0 0 2 3.35 0.35 5
24.7 34 1 0 0 0 0 0 0 0 0 0 2 3.05 1.15 5
29.9 34 1 0 0 0 0 0 0 0 0 1 2 1.55 0.45 6
26.7 34 1 0 0 0 0 0 0 0 0 0 1 4.4 0 5
30 34 1 0 0 0 0 0 0 0 0 0 3 2.46667 1.70163 6
20.1 34 1 0 0 0 0 0 0 0 0 0 2 1.65 0.45 6
30 34 1 0 0 0 0 0 0 0 0 0 1 3.5 0 5
20.9 34 1 0 0 0 0 0 0 0 0 1 1 2.1 0 6
30 34 1 0 0 0 0 0 0 0 0 0 2 3.05 1.45 6
24 34 1 0 0 0 0 0 0 0 0 0 15 2.72667 0.855934 5
30 34 1 0 0 0 0 0 0 0 0 0 5 3.02 0.986712 5
31.9 34 1 0 0 0 0 0 0 0 0 0 1 1.5 0 6
32.2 34 1 0 0 0 0 0 0 0 0 1 1 0.8 0 6
28.4 34 1 0 0 0 0 0 0 0 0 0 2 3.45 0.35 6
21.7 34 1 0 0 0 0 0 0 0 0 0 42 2.68571 1.0573 5
14.8 34 1 0 0 0 0 0 0 0 0 0 3 1.53333 0.449691 6
24.9 34 1 0 0 0 0 0 0 0 0 1 23 2.90435 0.985759 6
20.4 34 1 0 0 0 0 0 0 0 0 0 3 3.33333 0.849837 6
28.6 34 1 0 0 0 0 0 0 0 0 0 22 3.05 0.97363 6
30 34 1 0 0 0 0 0 0 0 0 0 2 4.15 0.55 5
33 34 1 0 0 0 0 0 0 0 0 1 4 2.725 1.5754 5
17 34 1 0 0 0 0 0 0 0 0 0 4 2.625 1.20908 5
30 34 1 0 0 0 0 0 0 0 0 0 1 3.5 0 5
33 34 1 0 0 0 0 0 0 0 0 0 3 2.83333 1.35728 5
0 34 1 0 0 0 0 0 0 0 0 1 3 3.2 0.648074 5
33 34 1 0 0 0 0 0 0 0 0 0 6 3.13333 0.736357 6
33 34 1 0 0 1 0 0 0 0 0 0 9 3.05556 1.16343 6
30 34 1 0 0 0 0 0 0 0 0 0 2 1.65 0.45 6
30 34 1 0 0 0 0 0 0 0 0 0 6 2.63333 1.17851 6
30 34 1 0 0 0 0 0 0 0 0 0 5 2.42 1.07778 6
0 34 1 0 0 0 0 0 0 0 0 0 4 2 1.14237 5
30 34 1 0 0 0 0 0 0 0 0 0 2 2.25 1.05 6
26.1 34 1 0 0 0 0 0 0 0 0 0 8 2.7 0.85 7
10 46 1 0 0 0 0 0 0 0 0 0 21 2.88095 0.934838 5
135.6 25 1 0 0 1 0 0 0 0 0 0 1 0.7 0 5
16.8 15 1 0 0 1 0 0 0 0 0 1 3 3.43333 0.784573 5
56.1 34 1 0 0 1 0 0 0 0 0 0 1 4.4 0 5
10 39 0 0 0 0 0 0 0 0 0 1 1 3.5 0 5
10 52 0 0 0 0 0 0 0 0 0 1 1 0.1 0 5
33 41 1 0 0 1 0 0 0 0 0 0 3 3.5 0.244949 6
595.8 26 1 0 0 0 0 0 0 0 0 0 1 1.8 0 6
57.8 10 1 0 0 0 0 0 0 0 0 0 2 0.95 0.55 5
15 12 1 0 0 1 0 0 0 0 0 0 10 2.27 1.09914 5
162.3 26 1 0 0 0 0 0 0 0 0 0 1 3.6 0 5
45.9 26 0 0 1 0 0 0 0 0 0 0 1 3 0 5
10 65 0 0 0 0 0 0 0 0 0 1 3 2.53333 1.03387 5
9.4 43 1 0 0 0 0 0 0 0 0 1 1 3.2 0 7
24.8 4 1 0 0 1 0 0 0 0 0 0 70 2.93714 1.03443 5
62.5 11 1 0 0 1 0 0 0 0 0 0 11 3.66364 0.379648 6
17.2 34 1 0 0 0 0 0 0 0 0 0 14 2.63571 0.956636 6
10 37 0 0 0 0 0 0 0 0 0 1 2 2.6 1.7 5
10 4 1 0 0 1 0 0 0 0 0 0 29 3.01034 1.01109 5
58.8 10 0 0 0 0 0 0 0 0 0 0 12 2.48333 1.02781 5
60.5 34 1 0 0 0 0 0 0 0 0 0 72 2.64583 1.03842 5
29.7 44 1 0 0 0 0 0 0 0 0 1 1 0.6 0 5
20 30 0 0 0 0 0 0 0 0 0 0 2 2.55 0.45 5
41.2 30 0 0 0 0 0 0 0 0 0 0 2 3.2 0.5 5
32.3 18 0 0 1 1 0 0 0 0 0 0 8 3.475 0.706665 5
52.2 41 1 0 0 1 0 0 0 0 0 0 1 2.7 0 6
14.4 56 1 0 0 1 0 0 0 0 0 0 5 2.96 1.08922 5
25.3 14 0 0 0 0 0 0 0 0 0 0 1 1.7 0 5
9 56 1 0 0 1 0 0 0 0 0 0 1 2 0 5
40.5 66 0 0 0 0 0 0 0 0 0 0 3 2.53333 1.01434 5
48.2 66 0 0 0 0 0 0 0 0 0 0 4 1.5 0.430116 6
29.9 10 1 0 0 0 0 0 0 0 0 0 2 1.65 0.65 5
7.8 56 1 0 0 1 0 0 0 0 0 0 2 3.05 0.05 6
12.4 56 1 0 0 1 0 0 0 0 0 0 18 2.63333 0.953939 6
10 16 1 0 0 1 0 0 0 0 0 1 5 2.54 0.535164 5
11 56 1 0 0 1 0 0 0 0 0 0 8 2.25 1.15 6
