0.824 0.83225 14.3396
0.824 0.83225 14.3396
0.824 0.83225 14.3396
0.824 0.83225 14.3396
0.824 0.83225 14.3396
0.824 0.83225 14.3396
0.824 0.83225 14.3396
0.824 0.83225 14.3396
0.824 0.83225 14.3396
0.824 0.83225 14.3396
0.824 0.83225 14.3396
0.824 0.83225 14.3396
0.824 0.83225 14.3396
0.824 0.83225 14.3396
0.824 0.83225 14.3396
0.824 0.83225 14.3396
0.824 0.83225 14.3396
0.824 0.83225 14.3396
0.824 0.83225 14.3396
0.824 0.83225 14.3396
0.824 0.83225 14.3396
0.824 0.83225 14.3396
0.824 0.83225 14.3396
0.824 0.83225 14.3396
0.824 0.83225 14.3396
0.824 0.83225 14.3396
0.824 0.83225 14.3396
0.824 0.83225 14.3396
0.824 0.83225 14.3396
0.824 0.83225 14.3396
