15
959
222.2 29 1 0 0 1 1 0 1 0 0 0 83 1.60361 0.827894 5.5
10 37 0 0 0 0 0 0 1 0 0 1 4 3.125 0.549432 6.1
10 37 0 0 0 0 0 0 0 0 0 1 14 3.57857 0.214405 5.4
17.4 34 1 0 0 0 0 0 0 0 0 0 15 3.52667 0.229395 6.6
20.4 18 0 0 1 1 0 0 0 0 0 0 42 2.70476 0.924006 5.2
28 26 1 0 0 0 0 0 0 0 0 0 7 2.7 0.860233 5
10 46 1 1 0 1 0 0 0 0 0 0 20 3.09 0.579569 5.4
118.5 68 1 0 0 1 0 0 0 0 0 0 56 2.38214 1.16283 5.1
8 12 0 0 0 0 0 0 0 0 0 0 396 1.53106 1.03987 5
70.7 41 1 0 0 0 0 0 0 0 0 0 4 2.725 0.621993 5.6
117.4 8 1 0 0 1 0 0 0 0 0 0 32 2.59375 0.918878 5.1
57.2 26 1 0 0 0 0 0 0 0 0 0 17 3.00588 0.756517 5.1
22.5 34 1 0 0 1 0 0 0 0 0 0 16 3.35 0.401559 5.1
27.8 41 1 0 0 1 0 0 0 0 0 0 131 1.89237 0.778687 5.3
10 65 0 0 0 0 0 0 0 0 0 1 2 3.05 0.45 5.6
107.5 44 1 1 0 1 0 0 0 0 0 0 4 1.925 0.878564 5.2
10 52 0 0 0 0 0 0 0 0 0 1 32 2.45938 0.800336 6.2
34.2 56 1 0 0 1 0 0 0 0 0 0 2 3.65 0.15 5.6
97 66 0 0 0 0 0 0 0 0 0 0 21 1.57619 0.653128 5
76 41 1 0 0 0 0 0 0 0 0 0 2 2.3 0.2 5.1
12.6 18 0 0 1 1 0 0 0 0 0 0 14 3.17143 0.629545 5.1
10 31 0 0 0 0 0 0 0 0 0 1 1 3.3 0 5.1
520.6 41 1 0 0 1 0 0 0 0 0 0 6 3.1 0.51316 5.4
44.1 44 1 1 0 1 0 0 0 0 0 0 13 2.33077 0.653258 5.4
10 32 0 0 0 0 0 0 0 0 0 1 22 2.55 0.872171 5.3
10 32 0 0 0 0 0 0 0 0 0 1 14 2.27857 0.573434 5.2
28.2 44 1 1 0 1 0 0 0 0 0 0 8 2.525 0.769334 5.1
44.8 26 1 0 0 0 0 0 0 0 0 0 12 3.125 0.577531 5.4
13 31 0 0 0 0 0 0 0 0 0 1 11 1.20909 0.439947 5
21.9 71 1 0 0 0 0 0 0 0 0 0 5 1.48 0.285657 5.3
5.3 31 0 0 0 0 0 0 0 0 0 1 2 3.4 0 6.2
17.7 34 1 0 0 0 0 0 0 0 0 0 8 3.5 0.165831 5.2
33 34 1 0 0 0 0 0 0 0 0 0 13 2.00769 1.02542 5.1
53.3 41 1 0 0 1 0 0 0 0 0 0 36 1.775 1.07066 5.6
392 15 1 0 0 1 0 0 0 0 0 1 12 3.06667 0.974964 5.5
10 73 0 0 0 0 0 0 0 0 0 0 84 2.89405 0.385867 5.3
17.1 26 1 0 0 0 0 0 0 0 0 0 10 3.13 1.03735 5
28.9 29 1 0 0 1 1 0 1 0 0 0 6 3.68333 0.134371 5.5
45.5 11 1 0 0 0 0 0 0 0 0 0 8 2.3625 0.630352 5.5
15 34 1 0 0 0 0 0 0 0 0 0 7 2.27143 1.10287 5.3
10 3 1 0 0 0 0 0 1 0 0 0 1 1.8 0 5.3
10 3 1 0 0 0 0 0 1 0 0 0 1 1.8 0 5.2
10 11 1 0 0 1 0 0 0 0 0 0 1 3 0 5.3
15 34 1 0 0 0 0 0 0 0 0 0 4 1.85 0.983616 5.4
15 34 1 0 0 0 0 0 0 0 0 0 1 3.8 0 5
33 54 1 0 0 1 0 0 0 0 0 1 2 3.6 0.2 5.4
33 34 1 0 0 0 0 0 0 0 0 0 2 1.4 0.3 5.8
10 65 0 0 0 0 0 0 0 0 0 1 22 1.96364 0.663013 5.3
10 65 0 0 0 0 0 0 0 0 0 1 160 2.45188 0.911316 5.1
10 37 0 0 0 0 0 0 1 0 0 1 12 2.45 1.00871 5.6
29.6 34 1 0 0 0 0 0 0 0 0 0 23 3.02174 0.624121 5.3
14.1 31 0 0 0 0 0 0 1 0 0 0 136 2.45588 0.909409 6.2
27.4 26 1 0 0 0 0 0 0 0 0 0 18 2.83333 1.11206 5.4
142.7 64 1 0 0 1 0 0 0 0 0 0 15 2.56667 1.0222 5.1
67.6 26 1 0 0 1 0 0 0 0 0 0 25 2.696 0.905751 5.3
41.7 44 1 0 0 0 0 0 0 0 0 0 22 2.66818 0.854606 5.7
10.1 14 0 0 0 0 0 0 0 0 0 0 19 2.33684 1.05042 5.2
31.6 44 1 0 0 0 0 0 0 0 0 0 12 2.64167 0.945567 5.3
61.4 26 1 0 0 0 0 0 0 0 0 0 34 2.14118 0.717888 5.2
39 30 0 0 0 0 0 0 0 0 0 0 8 2.25 0.685565 5
9.1 14 0 0 0 0 0 0 0 0 0 0 17 2.69412 0.898673 5.4
8.9 14 0 0 0 0 0 0 0 0 0 0 7 2.45714 1.33294 6.3
10 32 0 0 0 0 0 0 0 0 0 1 18 2.64444 1.07612 5.2
106.9 12 0 0 0 0 0 0 0 0 0 0 20 2.58 0.957914 5.1
9 26 1 0 0 0 0 0 0 0 0 0 40 1.975 0.880554 5
51.3 34 1 1 0 1 1 0 0 0 0 0 23 2.93478 0.627354 6
286.3 34 1 0 0 0 0 0 0 0 0 0 44 2.56136 1.05835 5
10 63 0 0 0 0 0 0 1 0 0 0 12 3.05 0.723994 5.1
13.7 61 0 0 0 0 0 0 0 0 0 0 28 2.93214 0.617051 5.1
202.9 64 1 0 1 0 0 0 0 0 0 0 9 2.97778 0.807985 5.1
15 26 1 0 0 0 0 0 0 0 0 0 95 2.34105 0.902102 5
10 47 0 0 0 0 0 0 0 0 0 1 17 2.81176 0.956638 5.8
45.4 34 1 1 0 1 1 0 0 0 0 0 5 3.34 0.195959 5
0 71 1 0 0 0 0 0 0 0 0 0 60 2.51667 1.04931 5.4
35.8 30 0 0 0 0 0 0 0 0 0 0 9 3.08889 0.609999 5.3
26.3 30 0 0 0 0 0 0 0 0 0 0 11 2.39091 0.978361 5.4
10 65 0 0 0 0 0 0 1 0 0 0 7 3.41429 0.628896 5.3
10 6 0 0 0 0 0 0 0 0 0 0 5 2.74 1.0837 5.5
38.4 56 1 0 0 1 0 0 0 0 0 0 6 3.23333 0.797217 5
26.2 2 0 0 0 0 0 0 0 0 0 0 8 2.5875 0.598827 5.3
6.3 56 1 0 0 1 0 0 0 0 0 0 23 2.4913 0.758668 5.4
16.6 56 1 0 0 1 0 0 0 0 0 0 21 2.51905 0.834734 5.6
17.7 56 1 0 0 1 0 0 0 0 0 0 2 1.8 1.2 5.7
47.6 41 1 0 0 1 0 0 0 0 0 0 8 3.0375 0.993652 5
23.6 56 1 0 0 1 0 0 0 0 0 0 18 2.98333 0.704943 5.2
25.2 56 1 0 0 1 0 0 0 0 0 0 12 3.08333 0.716279 5.3
10 49 1 0 0 1 0 0 0 0 0 0 25 2.824 0.506186 5.3
11.9 49 1 0 0 1 0 0 0 0 0 0 6 3.15 0.906918 5.4
10 47 0 0 0 0 0 0 0 0 0 1 6 3.21667 0.575664 5.2
10 47 0 0 0 0 0 0 0 0 0 1 15 2.69333 0.938415 5.1
173 26 1 0 0 0 0 0 0 0 0 0 41 3.51951 0.486009 5.2
10 31 0 0 0 0 0 0 0 0 0 1 11 2.53636 0.954675 5.5
21.4 56 1 0 0 1 0 0 0 0 0 0 3 3.63333 0.188562 5.4
13.7 56 1 0 0 1 0 0 0 0 0 0 12 2.65833 0.838111 6.7
10 21 0 0 0 0 0 0 0 0 0 1 15 2.42 0.80928 5.2
15 56 1 0 0 1 0 0 0 0 0 0 41 1.91951 0.860011 5.5
14.1 14 0 0 0 0 0 0 0 0 0 0 16 2.21875 0.864739 5.1
10 30 0 0 0 0 0 0 0 0 0 0 53 2.81132 0.947023 5.2
15 56 1 0 0 1 0 0 0 0 0 0 9 2.44444 0.910569 5.2
15 56 1 0 0 1 0 0 0 0 0 0 1 2.1 0 7.3
27.8 44 0 1 0 0 0 0 0 0 0 0 23 2.73043 0.909101 5.1
33 34 1 0 0 0 0 0 0 0 0 0 9 2.31111 0.997156 5
6.2 56 1 0 0 1 0 0 0 0 0 0 15 2.59333 0.885036 5.1
19 56 1 0 0 1 0 0 0 0 0 0 7 3.15714 0.832993 5
14.9 56 1 0 0 1 0 0 0 0 0 0 3 1.66667 0.20548 5
10 56 1 0 0 1 0 0 0 0 0 0 35 2.94 0.714823 5.1
15 56 1 0 0 1 0 0 0 0 0 0 36 2.69444 0.856979 5
16.7 56 1 0 0 1 0 0 0 0 0 0 8 3.025 0.833292 5.8
28.3 56 1 0 0 1 0 0 0 0 0 0 67 2.47015 0.990253 7
146.1 15 1 0 0 1 0 0 0 0 0 1 9 3.34444 0.346766 5.2
131.1 26 1 0 0 0 0 0 0 0 0 0 9 2.4 0.844591 5
29.4 11 1 0 0 0 0 0 0 0 0 0 19 3.56842 0.220174 6.1
551.9 64 0 0 0 0 0 0 0 0 0 0 57 2.76316 0.917975 5.7
42.4 26 0 0 1 0 0 0 0 0 0 0 2 2.85 0.15 5.4
24.8 41 1 0 0 0 0 0 0 0 0 0 7 2.14286 0.129363 5
33 34 1 0 0 0 0 0 0 0 0 0 36 2.30556 0.825949 5
41 26 1 0 0 1 0 0 0 0 0 0 125 2.316 0.929895 5
33 30 0 0 0 0 0 0 0 0 0 0 162 1.88086 0.923328 5.1
40.4 30 0 0 0 0 0 0 0 0 0 0 34 2.45882 0.880547 5.2
4.2 41 1 0 0 1 0 0 0 0 0 0 41 2.60732 0.915288 5.2
5 5 1 0 0 1 0 0 0 0 0 0 25 2.524 0.98804 5.6
36.4 41 1 0 0 0 0 0 0 0 0 0 34 2.50882 0.896519 5.2
14.3 60 1 0 0 0 0 0 0 0 0 0 46 2.11522 0.905531 5.3
40.1 30 0 0 0 0 0 0 0 0 0 0 18 2.66667 0.823947 5
9 30 0 0 0 0 0 0 0 0 0 0 53 2.30943 0.834009 6
47.9 30 0 0 0 0 0 0 0 0 0 0 14 2.59286 1.12279 5
32 30 0 0 0 0 0 0 0 0 0 0 18 2.32222 1.0119 5.4
27.5 34 0 1 0 1 0 0 0 0 0 0 7858 0.966595 0.683891 5
7.4 34 0 0 0 0 0 0 0 0 0 1 50 2.69 0.830482 5.2
69.5 34 1 0 0 1 0 0 0 0 0 0 68 2.52941 0.903434 5.3
10 5 1 0 0 1 0 0 0 0 0 0 24 2.49583 0.894185 5.6
239.5 15 1 0 0 1 0 0 0 0 0 1 20 2.515 1.16158 5.5
18 12 1 0 0 1 0 0 0 0 0 0 52 2.18846 1.05696 5.3
123.7 64 1 0 0 0 0 0 0 0 0 0 320 2.49 0.902233 5.2
60 34 1 1 0 1 1 0 0 0 0 0 42 2.56905 0.893758 5.2
20.1 41 1 0 0 1 0 0 0 0 0 0 10 2.32 1.12942 5.7
108.4 12 0 0 0 0 0 0 0 0 0 0 45 2.36 0.661446 5.3
225.1 8 1 0 0 1 0 0 0 0 0 0 121 3.06116 0.602937 5.3
10 32 0 0 0 0 0 0 0 0 0 1 58 2.18448 1.03321 5.4
10 32 0 0 0 0 0 0 0 0 0 1 32 2.47812 0.876333 5.7
10.9 32 0 0 0 0 0 0 0 0 0 1 29 2.54138 1.02773 5.3
10 32 0 0 0 0 0 0 0 0 0 1 37 2.63243 1.06873 5.1
10 32 0 0 0 0 0 0 0 0 0 1 72 2.59306 0.881496 5.1
10 32 0 0 0 0 0 0 0 0 0 1 21 2.79524 0.763124 5.1
32.7 41 1 0 0 1 0 0 0 0 0 0 28 2.42857 0.916849 5.3
10 21 0 0 0 0 0 0 0 0 0 1 29 2.21379 1.01564 5.4
26.3 64 0 0 0 0 0 0 0 0 0 0 46 2.63913 0.779487 5.1
10 1 0 0 0 0 0 0 1 0 0 0 29 2.44483 0.920489 5.2
19.2 60 1 0 0 0 0 0 0 0 0 0 55 2.60182 0.945322 5.4
14.7 14 0 0 0 0 0 0 0 0 0 0 41 2.47317 0.942499 6
290.9 41 1 0 0 0 0 0 0 0 0 0 52 2.35962 0.920965 6.1
14.4 30 0 0 0 0 0 0 0 0 0 0 54 2.28519 1.03823 5.1
58.6 59 1 1 0 1 0 0 0 0 0 0 22 2.39545 1.13997 5.5
31.9 44 1 1 0 0 0 0 0 0 0 0 34 2.73824 0.993513 5.1
207.4 30 0 0 0 0 0 0 0 0 0 0 30 2.41 1.08023 5.6
10 52 0 0 0 0 0 0 0 0 0 1 16 2.675 1.025 5.2
19.3 26 1 0 0 0 0 0 0 0 0 0 31 2.32581 0.815166 5
74.9 26 1 0 0 0 0 0 0 0 0 0 17 2.67647 0.73607 5.3
8.2 19 0 0 0 0 0 0 0 0 0 1 34 2.67647 0.531401 5.6
10 21 0 0 0 0 0 0 0 0 0 1 234 2.50085 0.866025 6
16 30 0 0 0 0 0 0 0 0 0 0 37 2.34865 0.957932 5.6
11 14 0 0 0 0 0 0 0 0 0 0 214 2.46963 0.866922 5.1
33.8 30 0 0 0 0 0 0 0 0 0 0 72 2.14722 1.08972 5
35.7 34 1 0 0 0 0 0 0 0 0 1 34 2.78529 0.680887 5.4
85.9 26 1 0 0 0 0 0 0 0 0 0 15 2.61333 0.721911 5
5.3 65 0 0 0 0 0 0 0 0 0 1 24 3.0375 0.633648 5.3
23.6 44 1 0 0 0 0 0 0 0 0 0 26 2.31538 0.963045 5.2
64.2 11 1 0 0 0 0 0 0 0 0 0 30 2.56 0.862786 5.1
4.8 18 0 0 1 1 0 0 0 0 0 0 29 2.46207 0.898049 5.1
70.1 11 1 0 0 0 0 0 0 0 0 0 61 3.44754 0.529957 5.2
65.1 11 1 0 0 0 0 0 0 0 0 0 19 2.63158 0.885588 6.2
33 34 1 0 0 0 0 0 0 0 0 0 72 2.26389 0.911395 5
19.4 26 1 0 0 0 0 0 0 0 0 0 29 2.48276 0.84162 5.1
10 37 0 0 0 0 0 0 0 0 0 1 81 2.48148 0.929504 5.2
13.6 14 1 0 0 1 0 0 0 0 0 0 22 2.30455 0.786521 5.1
10 36 0 0 0 1 0 0 1 0 0 0 36 2.625 0.81424 5.2
75 15 1 0 0 1 0 0 0 0 0 1 479 2.49916 0.885041 5
53.2 11 1 0 0 0 0 0 0 0 0 1 185 2.3627 1.09172 6.2
68.8 11 1 0 0 0 0 0 0 0 0 0 82 2.2878 0.858443 5.5
13 60 1 0 0 0 0 0 0 0 0 0 47 2.22128 0.763791 5.1
100 34 1 0 0 0 0 0 0 0 0 0 126 2.67381 0.836203 5
10 36 0 0 0 1 0 0 1 0 0 0 58 2.3931 0.93419 5.5
10 36 0 0 0 1 0 0 1 0 0 0 442 2.8957 0.447926 5.7
10 65 0 0 0 0 0 0 0 0 0 1 29 2.63103 1.03528 5.1
10 52 0 0 0 0 0 0 0 0 0 1 32 2.60313 0.839823 5.4
88.1 34 1 0 0 0 0 0 0 0 0 0 101 2.61485 0.886353 6.6
15 30 0 0 0 0 0 0 0 0 0 0 514 1.71634 1.07501 5.2
50.8 41 1 0 0 0 0 0 0 0 0 0 58 2.44828 0.991732 5
43 4 1 0 0 1 0 0 0 0 0 0 85 2.59059 0.78315 5.1
10 21 0 0 0 0 0 0 0 0 0 1 46 2.5 0.873026 5.1
10 21 0 0 0 0 0 0 0 0 0 1 43 2.66047 0.911717 5.3
139.7 44 1 0 0 1 0 0 0 0 0 0 32 2.65 0.890576 5.4
10 52 0 0 0 0 0 0 0 0 0 1 380 1.56026 0.691889 5.6
41.9 11 1 0 0 0 0 0 0 0 0 0 94 2.46809 0.942971 5
10 70 0 0 0 0 0 0 0 0 0 1 77 2.35844 0.998616 5.3
163.3 15 1 0 0 1 0 0 0 0 0 1 39 2.6359 0.951244 5.7
15 34 1 0 0 0 0 0 0 0 0 0 55 2.11636 0.83465 5.2
158.3 15 1 0 0 1 0 0 0 0 0 1 60 2.645 0.825111 5.8
34.1 34 1 1 0 1 1 0 0 0 0 0 29 2.44483 0.903856 6
113.2 34 1 0 0 0 0 0 0 0 0 0 141 2.31844 0.639326 5.4
25.6 34 1 0 0 0 0 0 0 0 0 0 45 2.35556 0.85181 5.6
30.4 34 1 0 0 0 0 0 0 0 0 0 59 3 0.846929 5
29 41 0 1 0 1 0 0 0 0 0 0 49 2.35306 0.894907 5.3
33.7 34 1 0 0 0 0 0 0 0 0 0 44 2.42273 0.967157 5.3
10.5 21 1 0 0 0 0 0 0 0 0 0 54 2.4463 1.02229 5.9
84.9 34 1 0 0 0 0 0 0 0 0 0 41 2.43902 0.866132 5
50.7 26 1 0 0 0 0 0 0 0 0 0 43 2.55116 0.874808 5.1
17.7 34 1 0 0 0 0 0 0 0 0 1 417 2.47362 0.918958 5
74.2 41 1 0 0 1 0 0 0 0 0 0 66 2.71061 0.718401 5
52.8 34 1 1 0 1 1 0 0 0 0 0 31 2.67419 0.930476 5.4
10 37 0 0 0 0 0 0 0 0 0 1 25 2.492 1.01427 6.3
21.5 11 1 0 0 1 0 0 1 0 0 0 69 2.63043 0.830279 5.4
14.5 32 0 0 0 0 0 0 0 0 0 1 290 2.4669 0.889793 5.3
67 13 0 0 0 0 0 0 0 0 0 0 5289 2.03401 0.527818 5
10 21 0 0 0 0 0 0 0 0 0 1 59 2.34915 1.03488 5.4
1 26 1 0 0 0 0 0 0 0 0 0 29 2.75172 0.855256 5
24 30 0 0 0 0 0 0 0 0 0 0 177 2.30339 1.09074 5.1
168.5 12 0 0 0 0 0 0 0 0 0 0 82 2.36707 0.720273 6.5
10 65 0 0 0 0 0 0 0 0 0 1 17 2.53529 0.992881 5.3
10 7 0 0 0 0 0 0 0 0 0 1 201 2.4408 0.979911 5
38.2 41 1 0 0 1 0 0 0 0 0 0 346 2.47168 0.915762 5.5
20.9 34 1 0 0 1 0 0 0 0 0 0 233 2.82833 0.585933 5.5
30 34 1 1 0 1 1 0 0 0 0 0 114 1.95789 0.914397 5.4
25.6 34 1 0 0 1 0 0 0 0 0 0 52 2.7 0.902774 5.6
18 59 1 1 0 1 0 0 0 0 0 0 161 2.5472 0.843982 5.2
108.8 41 1 0 0 1 0 0 0 0 0 0 67 2.88507 0.803027 5.4
41 59 1 1 0 1 0 0 0 0 0 0 220 2.375 0.860001 5.4
174.8 26 1 0 0 1 0 0 0 0 0 0 63 2.50159 0.80878 5
102.4 64 1 0 0 0 0 0 0 0 0 0 91 2.56154 0.907692 5
15.8 27 1 0 0 0 0 0 0 0 0 1 208 2.57452 0.878249 5.1
17 18 1 0 0 0 0 0 0 0 0 0 64 2.43281 0.969706 6.3
10 65 0 0 0 0 0 0 0 0 0 1 51 2.52353 0.821187 5.4
10 65 0 0 0 0 0 0 0 0 0 1 192 2.62865 0.873905 5.5
10 65 0 0 0 0 0 0 0 0 0 1 154 2.47532 0.914906 5.2
82.1 26 1 0 0 0 0 0 0 0 0 0 193 2.42073 0.918032 5.6
93.3 34 1 0 0 0 0 0 0 0 0 0 66 2.54545 0.818013 5
10.1 73 0 0 0 0 0 0 0 0 0 0 42 2.58571 0.931607 5.1
10 65 0 0 0 0 0 0 0 0 0 1 57 2.30526 0.893136 5.2
10 65 0 0 0 0 0 0 0 0 0 1 106 2.58774 0.914424 5.2
154.5 64 0 0 0 0 0 0 0 0 0 0 218 3 0.727885 5.2
10 12 0 0 0 0 0 0 0 0 0 0 52 2.31346 0.922586 5
16.6 30 0 0 0 0 0 0 0 0 0 0 304 1.89737 0.811224 5.3
127.1 15 1 0 0 1 0 0 0 0 0 1 49 2.77143 0.964048 5.2
10 37 0 0 0 0 0 0 0 0 0 1 58 2.51724 0.865655 5.4
282 34 0 0 0 0 0 0 0 0 0 1 44 2.33409 0.878258 5
54.8 11 1 0 0 1 0 0 0 0 0 0 331 2.55136 0.898248 5.2
25.3 44 0 1 0 0 0 0 0 0 0 0 87 2.77586 0.691985 5.2
10 65 0 0 0 0 0 0 0 0 0 1 81 2.3321 0.914874 5.4
56.1 26 1 0 0 1 0 0 0 0 0 0 53 2.59245 0.889318 5
26.2 26 0 0 1 0 0 0 0 0 0 0 310 2.21258 0.895258 6.2
53.3 59 1 1 0 1 0 0 0 0 0 0 63 2.45079 0.956991 5
26.6 26 1 0 0 0 0 0 0 0 0 0 34 2.55882 0.925494 5
103.9 12 0 0 0 0 0 0 0 0 0 0 273 2.46667 0.916169 5.1
30.9 26 1 0 0 0 0 0 0 0 0 0 58 2.50172 0.965525 5.8
19.1 26 0 0 1 0 0 0 0 0 0 0 40 2.2275 0.941007 5.5
33 44 1 0 0 0 0 0 0 0 0 1 38 2.62105 0.813426 5.1
39.6 44 1 0 0 0 0 0 0 0 0 1 52 2.46538 0.927131 5.5
10 1 0 0 0 0 0 0 1 0 0 1 53 2.49245 0.821607 5.2
10 65 0 0 0 0 0 0 0 0 0 1 125 2.5688 0.808299 5.2
92.3 34 1 0 0 0 0 0 0 0 0 0 42 2.69762 0.848104 5.7
6 30 0 0 0 0 0 0 0 0 0 0 37 2.42162 0.85048 5.1
11.8 65 0 0 0 0 0 0 0 0 0 1 291 1.90722 0.781344 5.3
10 21 0 0 0 0 0 0 0 0 0 1 56 2.45357 0.88841 5.5
23.1 34 1 0 0 0 0 0 0 0 0 0 41 2.80488 1.04156 6.1
10 30 0 0 0 0 0 0 0 0 0 0 41 2.5878 0.999072 5.5
62.1 68 1 0 0 1 0 0 0 0 0 0 34 2.55 0.939728 5.1
75 26 0 0 1 0 0 0 0 0 0 0 78 2.24872 0.974119 5
10 26 0 0 1 0 0 0 0 0 0 0 23 2.3913 1.1553 5.5
15 18 0 0 1 1 0 0 0 0 0 0 80 2.64 0.848764 5
110 12 0 0 0 0 0 0 0 0 0 0 35 2.58857 0.865455 5.1
228.6 14 1 1 0 1 0 0 0 0 0 0 43 2.35814 1.09443 5.5
10 1 0 0 0 0 0 0 1 0 0 0 32 2.59375 0.97016 5.2
89.9 34 1 0 0 0 0 0 0 0 0 0 132 2.30606 0.887775 5
22.7 41 1 0 0 1 0 0 0 0 0 0 39 2.06154 0.996305 5.2
49.7 34 1 0 0 0 0 0 0 0 0 0 60 2.36167 0.953955 5.1
9 30 0 0 0 0 0 0 0 0 0 0 41 2.62195 0.92697 5.2
13.5 30 0 0 0 0 0 0 0 0 0 0 76 2.31579 0.9556 5.4
33 34 1 0 0 0 0 0 0 0 0 1 50 2.352 0.812217 5.2
123.7 11 1 0 0 0 0 0 0 0 0 0 519 2.45087 0.910945 5.7
17 41 1 0 0 1 0 0 0 0 0 0 64 2.49844 0.883794 6.6
15 34 1 0 0 0 0 0 0 0 0 0 345 2.44435 0.908784 5.4
33.7 34 1 0 0 0 0 0 0 0 0 0 141 2.63333 0.892496 5.1
106.4 34 1 0 0 0 0 0 0 0 0 0 44 2.60455 0.898219 5
10 44 1 0 0 0 0 0 0 0 0 1 53 2.67925 0.790357 5.4
10 44 1 0 0 0 0 0 0 0 0 1 54 2.67222 0.777321 5.3
8.2 12 0 0 0 0 0 0 0 0 0 0 42 2.44762 0.91943 5.2
29.4 26 0 0 1 0 0 0 0 0 0 0 117 2.54188 0.909611 5.2
10 70 0 0 0 0 0 0 0 0 0 1 55 2.30909 0.95618 5.4
37.3 59 1 1 0 1 0 0 0 0 0 0 56 2.40893 0.897671 5
19.2 26 1 0 0 0 0 0 0 0 0 0 64 2.41719 1.07086 5.4
6.1 30 0 0 0 0 0 0 0 0 0 0 137 2.43796 0.990033 5.3
9 11 1 0 0 0 0 0 0 0 0 1 71 2.28169 0.890373 6.3
10 32 0 0 0 0 0 0 0 0 0 1 91 2.58681 0.841141 5.6
21.9 26 1 0 0 0 0 0 0 0 0 0 99 2.42626 0.96845 5.4
10 32 0 0 0 0 0 0 0 0 0 1 100 2.396 0.947515 5.3
33 34 1 0 0 0 0 0 0 0 0 1 373 2.52332 0.908623 5
10 70 0 0 0 0 0 0 0 0 0 1 866 2.44965 0.881452 5.3
72.7 15 1 0 0 1 0 0 0 0 0 1 57 2.64035 0.84269 6.1
105.1 41 1 0 0 0 0 0 0 0 0 0 836 2.47512 0.889413 5.1
555.7 15 1 0 0 1 0 0 0 0 0 1 322 2.27205 0.850846 5.2
21.3 56 1 0 0 1 0 0 0 0 0 0 54 2.74444 0.943921 5.4
22.3 59 1 1 0 1 0 0 0 0 0 0 108 2.69074 0.89748 5.1
9.9 71 1 0 0 0 0 0 0 0 0 0 61 2.61311 0.911938 5.8
68.3 59 1 1 0 1 0 0 0 0 0 0 83 2.39518 0.940764 5
10 65 0 0 0 0 0 0 0 0 0 1 210 2.59238 0.679803 5.3
115.4 64 1 0 0 0 0 0 0 0 0 0 69 2.31884 0.995392 5.6
120.2 29 1 0 0 1 1 0 1 0 0 0 55 2.54727 0.880879 5
10 57 1 1 0 1 0 0 0 0 0 0 65 2.54923 0.976985 5
103.1 34 1 0 0 0 0 0 0 0 0 0 237 2.40084 0.914856 5
165.2 26 1 0 0 0 0 0 0 0 0 0 92 2.47391 0.889781 5
7.1 15 1 1 0 1 0 0 0 0 0 0 396 2.02929 0.725997 5.2
36.5 41 1 0 0 1 0 0 0 0 0 0 173 2.24624 0.891158 5.9
7.7 44 1 1 0 1 0 0 0 0 0 0 456 2.44167 0.939588 5.9
10 37 0 0 0 0 0 0 1 0 0 1 62 2.51935 0.878202 5.4
10 54 0 0 0 0 0 0 0 0 0 1 70 2.34429 0.996083 5
35.6 29 1 0 0 1 1 0 1 0 0 0 235 2.35489 0.827356 5
33 34 1 0 0 0 0 0 0 0 0 0 108 2.31759 0.882634 5
21.7 11 1 0 0 0 0 0 0 0 0 0 78 2.62308 0.863494 5
94 59 1 1 0 1 0 0 0 0 0 0 57 2.56316 0.8534 5.1
53.6 11 1 0 0 0 0 0 0 0 0 0 54 2.30926 1.10005 5.9
10 43 1 0 0 0 0 0 0 0 0 1 79 2.43038 0.940153 5.8
4 8 1 0 0 1 0 0 0 0 0 0 83 2.44578 0.949864 5.3
33 34 1 0 0 0 0 0 0 0 0 0 80 2.395 0.920856 5
576.9 68 1 0 0 1 0 0 0 0 0 0 61 2.49344 1.07823 5.8
10 32 0 0 0 0 0 0 0 0 0 1 42 2.65476 0.957975 5
15 34 1 0 0 0 0 0 0 0 0 0 45 2.54444 0.827729 5
3.2 21 0 0 0 0 0 0 0 0 0 1 47 2.56809 0.89967 5
10 26 0 0 1 0 0 0 0 0 0 0 110 2.50636 0.881969 5.5
10 52 0 0 0 0 0 0 0 0 0 1 45 2.47778 0.892161 5.3
42.4 34 1 0 0 0 0 0 0 0 0 0 104 2.69808 0.934487 5.4
11.9 32 0 0 0 0 0 0 0 0 0 1 138 2.61884 0.902376 5.7
38.5 64 1 1 0 0 0 0 0 0 0 0 95 2.28632 0.871008 5
23.6 41 1 0 0 0 0 0 0 0 0 0 56 2.74821 0.959351 5.4
35 26 1 0 0 0 0 0 0 0 0 0 86 2.4593 0.887691 5.3
23 34 1 0 0 0 0 0 0 0 0 1 111 2.85676 0.891463 5.4
51.9 41 0 0 0 0 0 0 0 0 0 0 218 2.43028 0.89494 5
149 43 0 0 0 0 0 0 0 0 0 1 135 2.52889 0.79404 5.1
20.8 34 1 0 0 0 0 0 0 0 0 1 206 2.39709 0.899995 5
8.2 34 1 0 0 0 0 0 0 0 0 1 213 2.48967 0.877195 5.8
25.5 30 0 0 0 0 0 0 0 0 0 0 130 2.50231 0.798794 5
20.4 56 1 0 0 1 0 0 0 0 0 0 93 2.17419 1.24959 5.3
10 40 0 0 0 0 0 0 0 0 0 1 96 2.29583 0.873322 5.2
33 56 1 0 0 1 0 0 0 0 0 0 60 2.64833 0.865543 5.2
18 56 1 0 0 1 0 0 0 0 0 0 79 2.69873 0.867631 5.5
30.9 56 1 0 0 1 0 0 0 0 0 0 103 2.31359 1.12276 6.5
146.3 8 1 0 0 1 0 0 0 0 0 0 134 2.41567 0.889059 5.2
19.3 34 1 0 0 0 0 0 0 0 0 1 133 2.14135 1.02423 5.5
175.9 26 1 0 0 0 0 0 0 0 0 0 491 2.40143 0.911713 5
581.9 34 1 1 0 1 1 0 0 0 0 0 1038 2.43285 0.899448 7.3
156 41 1 0 0 0 0 0 0 0 0 0 283 2.9106 0.784902 5.3
36.6 26 1 0 0 1 0 0 0 0 0 0 63 2.53651 0.924156 5.5
116.7 34 1 0 0 0 0 0 0 0 0 0 134 2.22164 0.877357 5.6
169.3 43 0 0 0 0 0 0 0 0 0 1 169 2.41065 0.697421 5
33 26 1 0 0 1 0 0 0 0 0 0 226 2.30221 0.871549 6
33 30 0 0 0 0 0 0 0 0 0 0 222 2.4536 0.939456 5.1
25.5 46 1 1 0 1 0 0 0 0 0 0 68 2.54118 0.896929 6.3
15.9 34 0 0 0 0 0 0 0 0 0 0 87 2.5023 0.905409 5.2
1 26 1 0 0 1 0 0 0 0 0 0 83 2.26386 0.953065 5
29.3 34 1 0 0 0 0 0 0 0 0 0 122 2.11557 1 5.1
50.4 68 1 0 0 1 0 0 0 0 0 0 79 2.60633 0.905307 5.1
10 65 0 0 0 0 0 0 0 0 0 1 81 2.5716 0.923257 5.3
15 34 1 0 0 0 0 0 0 0 0 0 99 2.26768 0.909748 5.7
43.5 26 1 0 0 1 0 0 0 0 0 0 192 2.51719 0.899981 5
9.4 46 1 1 0 1 0 0 0 0 0 0 128 2.46406 0.848043 5.7
70.3 30 0 0 0 0 0 0 0 0 0 0 234 2.56325 0.678938 5.4
164.7 43 0 0 0 0 0 0 0 0 0 1 108 2.54074 0.97961 5.3
4.1 12 0 0 0 0 0 0 0 0 0 0 502 2.43287 0.903036 5.2
12.9 74 0 0 0 0 0 0 0 0 0 1 103 2.42427 0.96577 6.1
8.1 30 0 0 0 0 0 0 0 0 0 0 146 2.28699 0.951082 6.2
10 31 0 0 0 0 0 0 0 0 0 1 164 2.3561 0.91206 5.6
10 36 0 0 0 1 0 0 1 0 0 0 54 2.57593 0.819425 5.3
10 36 0 0 0 1 0 0 1 0 0 0 141 2.64539 0.840675 5
10 36 0 0 0 1 0 0 1 0 0 0 60 2.34833 0.996911 5.2
10 65 0 0 0 0 0 0 1 0 0 0 102 2.5549 0.774296 5.1
10 36 0 0 0 1 0 0 1 0 0 0 69 2.45652 0.942011 5.3
10 37 0 0 0 0 0 0 1 0 0 1 159 2.3478 0.941752 5.9
10 37 0 0 0 0 0 0 1 0 0 1 102 2.41961 0.906192 5.6
24.9 34 1 0 0 0 0 0 0 0 0 1 195 2.56718 0.891929 5.1
10 63 0 0 0 0 0 0 1 0 0 0 68 2.57059 0.839127 5.1
10 1 0 0 0 0 0 0 1 0 0 0 695 2.45036 0.896257 5.3
10 1 0 0 0 0 0 0 1 0 0 0 70 2.38429 0.763195 5.2
10 1 0 0 0 0 0 0 1 0 0 0 104 2.25769 0.848493 5.3
6 26 0 0 1 0 0 0 0 0 0 0 189 2.45661 0.92383 5.2
95.5 34 1 0 0 0 0 0 0 0 0 0 212 2.37123 0.865956 5.3
158.1 43 0 0 0 0 0 0 0 0 0 1 65 2.69231 1.01274 5
15 71 1 0 0 0 0 0 0 0 0 0 95 2.56 0.892236 5.3
142.4 34 1 0 0 0 0 0 0 0 0 0 123 2.50569 0.936635 5
69.9 34 1 0 0 0 0 0 0 0 0 0 569 2.44956 0.890728 5.5
14.3 30 0 0 0 0 0 0 0 0 0 0 127 2.42047 0.853094 5.2
10 32 0 0 0 0 0 0 0 0 0 1 119 2.28992 0.948275 5.6
80 34 1 0 0 0 0 0 0 0 0 0 84 2.51429 0.890712 5.1
5 5 1 0 0 1 0 0 0 0 0 0 50 2.748 0.837434 5.1
47.4 26 1 0 0 0 0 0 0 0 0 0 61 2.4623 0.951645 5.2
33 11 1 0 0 0 0 0 0 0 0 1 106 2.35 0.99558 5
74.1 34 1 0 0 0 0 0 0 0 0 0 245 2.35469 1.03314 5.3
10 21 0 0 0 0 0 0 0 0 0 1 66 2.49848 0.98373 5.6
10 21 0 0 0 0 0 0 0 0 0 1 56 2.7 1.0848 5.3
10 21 0 0 0 0 0 0 0 0 0 1 102 2.16569 0.92445 5.3
2 34 1 0 0 0 0 0 0 0 0 0 541 2.47153 0.867083 5.6
10 41 1 0 0 1 0 0 0 0 0 0 105 2.53333 0.830681 5.1
10 70 0 0 0 0 0 0 0 0 0 1 201 2.73035 0.823368 5.1
17.5 54 0 0 0 0 0 0 0 0 0 1 186 1.60108 1.16157 5.2
6.5 64 1 0 0 1 0 0 0 0 0 0 100 2.454 1.03773 6.5
77.9 11 1 0 0 0 0 0 0 0 0 0 74 2.54324 0.842628 5
48.8 8 1 0 0 1 0 0 0 0 0 0 160 2.27875 0.92171 5.1
30.6 41 1 0 0 1 0 0 0 0 0 0 101 2.50396 0.880697 5.8
10 55 0 0 0 0 0 0 1 0 0 1 65 2.44769 0.961906 5.4
212 15 1 0 0 1 0 0 0 0 0 1 143 2.33287 0.998375 5.1
93.2 64 1 0 0 0 0 0 0 0 0 0 89 2.51798 0.940065 5.1
10 55 0 0 0 0 0 0 1 0 0 1 188 2.45957 0.847941 5.4
8.7 30 0 0 0 0 0 0 0 0 0 0 109 2.58624 0.926121 5.5
32.1 25 1 0 0 1 0 0 0 0 0 0 108 2.43889 0.959729 5.3
10 65 0 0 0 0 0 0 0 0 0 1 98 1.97245 1.05953 5.4
25.9 26 1 0 0 1 0 0 0 0 0 0 1006 2.47097 0.889061 5.3
40.1 26 1 0 0 0 0 0 0 0 0 0 1176 2.4358 0.893058 5.3
160 34 1 0 0 0 0 0 0 0 0 0 1068 2.49082 0.900234 5
12.2 73 0 0 0 0 0 0 0 0 0 0 66 2.53939 0.887434 5
31.8 26 1 0 0 0 0 0 0 0 0 0 182 2.38901 0.768179 5.4
61.5 68 1 0 0 1 0 0 0 0 0 0 244 2.49631 0.909798 5.2
61.5 44 1 1 0 1 0 0 0 0 0 0 164 2.51585 0.841307 5.8
26.5 64 1 0 1 1 0 0 0 0 0 0 76 2.36184 1.19197 5.1
10 40 0 0 0 0 0 0 0 0 0 1 559 1.7093 0.803071 5.5
141.5 15 1 0 0 1 0 0 0 0 0 1 874 2.4627 0.896385 5.1
11.9 30 0 0 0 0 0 0 0 0 0 0 105 2.40381 0.909937 5.3
36.6 41 1 0 0 1 0 0 0 0 0 0 106 2.44906 0.789942 5.2
41.1 34 1 0 0 1 0 0 0 0 0 0 64 2.5 0.890049 5.1
43.5 41 1 0 0 0 0 0 0 0 0 0 159 2.7327 0.793329 5.2
7.4 5 1 0 0 1 0 0 0 0 0 0 87 2.42644 0.995791 5.6
34 34 1 0 0 0 0 0 0 0 0 0 119 2.42857 0.834361 5.2
10 65 0 0 0 0 0 0 0 0 0 1 1104 2.48243 0.90008 5.2
10 34 0 0 0 0 0 0 0 0 0 0 342 2.50643 0.922725 5.3
25.2 18 0 0 1 1 0 0 0 0 0 0 93 2.48602 0.836993 5
206.5 30 0 0 0 0 0 0 0 0 0 0 99 2.37374 0.994387 6
10 26 1 0 0 0 0 0 0 0 0 0 84 2.50714 0.887987 5
29.1 26 1 0 0 0 0 0 0 0 0 0 1043 2.48332 0.883127 5
22 34 1 0 0 0 0 0 0 0 0 0 237 2.33249 0.9074 5.6
99.8 44 1 1 0 1 0 0 0 0 0 0 163 2.40307 0.923678 5.8
15 34 1 0 0 0 0 0 0 0 0 1 68 2.47059 1.02298 5.6
10 21 0 0 0 0 0 0 0 0 0 1 431 2.35568 0.891235 5.3
10 14 0 1 0 1 0 0 0 0 0 0 92 2.575 0.75895 5.3
10 14 0 1 0 1 0 0 0 0 0 0 144 2.50903 0.854962 5.2
10 32 0 0 0 0 0 0 0 0 0 1 999 2.42432 0.904044 5.3
10 14 0 1 0 1 0 0 0 0 0 0 880 2.47102 0.897655 5.5
0 11 1 0 0 0 0 0 0 0 0 0 133 2.32632 0.96945 5
10 63 0 0 0 0 0 0 1 0 0 0 172 2.54884 0.802647 5.3
10 34 1 0 0 0 0 0 0 0 0 0 84 2.51429 0.846863 5.4
42.8 34 1 1 0 1 1 0 0 0 0 0 470 1.88106 0.852682 5.5
26.2 56 1 0 0 1 0 0 0 0 0 0 58 2.58966 0.863371 5.4
10 40 0 0 0 0 0 0 0 0 0 1 1075 2.42149 0.897684 5.8
3.5 47 0 0 0 0 0 0 0 0 0 0 178 2.51067 0.845376 5
26.8 41 1 0 0 0 0 0 0 0 0 0 343 2.37085 0.920179 5.1
11.5 47 0 0 0 0 0 0 0 0 0 0 219 2.44201 0.90416 5.1
65.7 56 1 0 0 1 0 0 0 0 0 0 124 2.17661 0.971622 5.3
27.3 41 1 0 0 1 0 0 0 0 0 0 173 2.60578 0.804375 5.7
10 1 0 0 0 0 0 0 0 0 0 1 283 2.38375 0.923515 5.2
8.8 47 0 0 0 0 0 0 0 0 0 0 466 2.35579 0.884911 6
10 1 0 0 0 0 0 0 0 0 0 1 134 2.62836 0.898142 6.3
10 65 0 0 0 0 0 0 0 0 0 1 294 2.37279 0.905656 5.2
10 65 0 0 0 0 0 0 0 0 0 1 566 2.01678 0.75016 5.1
64.6 34 1 0 0 0 0 0 0 0 0 0 148 2.25608 0.982428 5.3
40.7 41 1 0 0 1 0 0 0 0 0 0 97 2.33608 0.9654 5.5
14.3 30 0 0 0 0 0 0 0 0 0 0 243 2.41934 0.903307 5
23.8 26 1 0 0 0 0 0 0 0 0 0 1079 2.43976 0.870186 5.1
81 68 1 0 0 1 0 0 0 0 0 0 173 2.2422 0.890288 5
2 34 1 0 0 0 0 0 0 0 0 0 80 2.42375 0.943165 5.1
121 26 1 0 0 0 0 0 0 0 0 0 131 2.15038 0.962136 5
2.2 47 0 0 0 0 0 0 0 0 0 1 282 2.51241 0.876944 5.9
10 52 0 0 0 0 0 0 0 0 0 1 105 2.34571 1.02484 5.8
40.7 26 1 0 0 1 0 0 0 0 0 0 528 2.36477 0.949087 5.3
10 67 1 0 0 0 0 0 0 0 0 1 151 2.08146 1.01312 5.5
10 18 0 0 0 0 0 0 1 0 0 0 113 2.47876 0.896646 5
3.7 37 0 0 0 0 0 0 0 0 0 1 103 2.50388 0.926306 5.2
10 37 0 0 0 0 0 0 0 0 0 1 82 2.43902 0.954036 5.4
2.9 1 0 0 0 0 0 0 0 0 0 1 217 2.40461 0.933986 5.2
17.7 31 0 0 0 0 0 0 1 0 0 0 147 2.57075 0.869452 5.3
46.6 34 1 0 0 0 0 0 0 0 0 0 137 1.87299 1.17414 5
7.7 42 1 0 0 1 0 0 0 0 0 0 124 2.72823 0.825262 5
1.9 42 1 0 0 1 0 0 0 0 0 0 87 2.41149 0.926795 5.4
5 42 1 0 0 1 0 0 0 0 0 0 177 2.27458 0.923747 5.4
0.5 56 1 0 0 1 0 0 0 0 0 0 438 2.29178 0.859609 5
10 21 0 0 0 0 0 0 0 0 0 1 109 2.21743 1.00648 5.6
10 45 1 0 0 0 0 0 0 0 0 0 277 2.48881 0.922395 5.1
15 21 0 0 0 0 0 0 0 0 0 1 166 2.21747 0.883037 5.4
12.3 34 0 0 0 0 0 0 0 0 0 0 172 2.49593 0.822246 5.7
10.3 21 0 0 0 0 0 0 0 0 0 1 84 2.6 0.823899 5.2
10 21 0 0 0 0 0 0 0 0 0 1 155 2.32774 0.771972 5.2
2 34 1 0 0 0 0 0 0 0 0 0 1134 2.4545 0.903926 5
46.1 41 1 0 0 1 0 0 0 0 0 0 720 2.39028 0.899809 5.4
30 34 1 0 0 0 0 0 0 0 0 0 90 2.47111 0.894954 6.1
84.4 26 1 0 0 0 0 0 0 0 0 0 108 2.94815 0.879444 5.5
108.9 26 1 0 0 0 0 0 0 0 0 0 91 2.45275 1.00694 6
107.9 34 1 0 0 0 0 0 0 0 0 0 235 2.58894 0.803321 5.3
30.6 29 1 0 0 1 1 0 1 0 0 0 484 1.86839 0.848706 5.3
10 21 0 0 0 0 0 0 0 0 0 1 126 2.53492 0.841231 5.3
11.7 32 0 0 0 0 0 0 0 0 0 1 185 2.50541 0.851627 5.6
5 64 1 0 0 1 0 0 0 0 0 0 227 2.26828 0.93797 5.3
37 41 1 0 0 0 0 0 0 0 0 0 101 2.37822 0.877734 5.2
26.6 43 1 0 0 0 0 0 0 0 0 1 155 2.30903 0.912237 6
10 65 0 0 0 0 0 0 0 0 0 1 193 2.34715 0.960572 5.5
23.2 41 1 0 0 1 0 0 0 0 0 0 116 2.03879 1.15054 5.1
20.1 41 1 0 0 1 0 0 0 0 0 0 121 2.5405 0.872971 5.7
2.5 12 0 0 0 0 0 0 0 0 0 0 319 2.45705 0.91727 5.2
22.1 64 0 0 0 0 0 0 0 0 0 0 126 2.42143 0.916827 6.1
21.8 41 1 0 0 1 0 0 0 0 0 0 229 2.26288 0.914069 5.2
63.5 26 1 0 0 0 0 0 0 0 0 0 131 2.75115 0.890953 5.2
59.4 34 1 0 0 0 0 0 0 0 0 0 122 2.12623 1.16491 5.1
10 67 1 0 0 0 0 0 0 0 0 1 118 2.52034 0.916937 5.3
15.2 67 1 0 0 0 0 0 0 0 0 1 92 2.62826 0.904016 5.6
10 67 1 0 0 0 0 0 0 0 0 1 198 1.91566 1.09397 5.5
21.6 43 0 0 0 0 0 0 0 0 0 1 136 2.26838 0.956533 5
74.7 67 1 0 0 0 0 0 0 0 0 1 498 2.49357 0.845445 5
72.1 34 1 1 0 1 1 0 0 0 0 0 1302 2.4394 0.886652 5.2
69.4 26 1 0 0 0 0 0 0 0 0 0 187 2.45027 0.843432 5.4
33 67 1 0 0 0 0 0 0 0 0 1 122 2.29426 0.931357 5.6
10 67 1 0 0 0 0 0 0 0 0 1 101 2.49505 0.932619 5.7
11.3 67 1 0 0 0 0 0 0 0 0 1 317 2.34006 0.85261 6.8
10 21 0 0 0 0 0 0 0 0 0 1 226 2.24602 0.937992 5.3
39.1 26 1 0 0 0 0 0 0 0 0 0 185 2.35243 0.923745 5.1
38.1 26 1 0 0 0 0 0 0 0 0 0 90 2.46778 1.01268 5.1
15 34 1 0 0 0 0 0 0 0 0 0 157 1.58153 1.17949 5.4
80 34 1 0 0 0 0 0 0 0 0 0 126 2.96825 0.830151 5.8
106.5 34 1 0 0 0 0 0 0 0 0 0 136 2.65441 0.831182 5.5
142.2 26 1 0 0 0 0 0 0 0 0 0 64 2.38437 0.936786 5.3
50.5 26 1 0 0 1 0 0 0 0 0 0 93 2.57419 0.939218 5.2
17.6 29 1 0 0 1 1 0 1 0 0 0 175 2.97886 0.873325 5.4
36 41 1 0 0 0 0 0 0 0 0 0 438 2.21119 0.702272 5.1
41.5 34 1 1 0 1 1 0 0 0 0 0 151 2.5457 0.889358 5.3
58.1 34 1 1 0 1 1 0 0 0 0 0 112 2.51607 0.86226 5
98.5 12 1 0 0 0 0 0 0 0 0 0 149 2.46107 0.893805 5.8
14.7 12 0 0 0 0 0 0 0 0 0 0 84 2.19881 1.14294 5.1
4 30 0 0 0 0 0 0 0 0 0 0 263 2.73992 0.833178 5.6
35.1 26 1 0 0 0 0 0 0 0 0 0 202 2.43416 0.925262 5
10 52 0 0 0 0 0 0 0 0 0 1 134 2.38134 0.915633 5.6
10 21 0 0 0 0 0 0 0 0 0 1 161 2.51429 0.917454 5.4
20.5 26 1 0 0 0 0 0 0 0 0 0 142 2.29507 1.12796 5.1
62.4 34 1 0 0 0 0 0 0 0 0 0 314 2.41561 0.924703 5.4
28.1 34 1 1 0 1 1 0 0 0 0 0 181 2.39116 1.00228 5.3
81.4 15 1 0 0 1 0 0 0 0 0 1 108 2.2287 0.905748 5.5
36.5 34 1 0 0 0 0 0 0 0 0 0 344 2.45872 0.884646 5.6
18.3 3 1 0 0 0 0 0 1 0 0 0 137 2.12044 1.17088 5.4
17.7 34 1 0 0 0 0 0 0 0 0 1 115 2.34696 1.01641 5
47.7 26 1 0 0 0 0 0 0 0 0 0 205 2.26878 0.932608 5.1
60.6 41 1 0 0 0 0 0 0 0 0 0 107 2.42897 0.951242 5.4
4.8 42 1 0 0 1 0 0 0 0 0 0 138 2.40652 0.912411 5.4
77.4 12 0 0 0 0 0 0 0 0 0 0 1449 2.46467 0.901196 5
1.2 1 0 0 0 0 0 0 1 0 0 1 202 2.6099 0.902363 5.2
10 31 0 0 0 0 0 0 0 0 0 1 85 2.63529 0.90485 5
10 75 0 0 0 0 0 0 0 0 0 0 647 1.89119 0.890201 5.3
26.9 26 1 0 0 0 0 0 0 0 0 0 163 2.44294 0.875289 5.1
99.8 26 0 0 1 0 0 0 0 0 0 0 184 2.41522 0.862748 6.6
75.5 34 1 0 0 0 0 0 0 0 0 0 177 2.19831 1.04484 5
114 15 1 0 0 1 0 0 0 0 0 1 1267 2.4116 0.878525 5.8
10 65 0 0 0 0 0 0 0 0 0 1 334 2.50359 0.857227 5.2
2 26 1 0 0 0 0 0 0 0 0 0 312 2.35449 0.899989 5.1
22.7 26 1 0 0 0 0 0 0 0 0 0 103 2.37864 1.04655 5.8
506.2 26 1 0 0 0 0 0 0 0 0 1 184 2.42772 0.842707 5.3
89.6 15 1 0 0 1 0 0 0 0 0 1 224 2.12813 0.95003 5.5
58.1 11 1 0 0 0 0 0 0 0 0 0 124 2.40887 0.824622 6.9
62.3 34 1 1 0 1 1 0 0 0 0 0 82 2.28171 1.13182 5
121.2 26 1 0 0 1 0 0 0 0 0 0 145 2.46414 0.924358 6.4
32.7 18 0 0 0 0 0 0 0 0 0 0 95 2.36211 0.763672 5.6
41 18 0 0 1 1 0 0 0 0 0 0 327 2.4211 0.917356 5
133.9 14 0 1 0 1 0 0 0 0 0 0 110 2.41909 0.947676 5.5
34.9 56 1 0 0 1 0 0 0 0 0 0 113 2.46814 0.955771 5
17.6 56 1 0 0 1 0 0 0 0 0 0 99 2.51919 0.937294 6.2
32.5 18 0 0 1 1 0 0 0 0 0 0 1318 2.48483 0.897838 5.2
193.9 30 0 0 0 0 0 0 0 0 0 0 445 2.47596 0.920763 5.3
35.6 34 1 0 0 0 0 0 0 0 0 0 82 2.67317 0.863353 5.1
31.6 59 1 1 0 1 0 0 0 0 0 0 86 2.43721 0.894433 5.2
5.4 12 0 0 0 0 0 0 0 0 0 0 397 2.83401 0.829814 5
11.7 71 1 0 0 0 0 0 0 0 0 0 242 2.51612 0.808036 5.4
25.5 59 1 1 0 1 0 0 0 0 0 0 115 2.50087 0.89535 5
24.7 59 1 1 0 1 0 0 0 0 0 0 116 2.21293 0.982303 5.2
10 26 1 0 0 1 0 0 0 0 0 0 102 2.27647 0.82962 5
546.4 26 0 0 0 0 0 0 0 0 0 0 1457 2.42224 0.889348 5.1
155.4 64 1 0 0 0 0 0 0 0 0 0 122 2.07131 1.13632 5.4
28 59 1 1 0 1 0 0 0 0 0 0 241 2.20747 0.885772 5.6
87.7 11 1 1 0 1 0 0 0 0 0 0 127 2.48819 0.840942 5.6
10 36 0 0 0 1 0 0 1 0 0 0 193 2.54301 0.876678 5
38.8 56 1 0 0 1 0 0 0 0 0 0 116 2.37845 0.961573 6.2
33 56 1 0 0 1 0 0 0 0 0 0 114 2.60526 0.806209 5
10 36 0 0 0 1 0 0 1 0 0 0 114 2.49649 0.858797 5
10 36 0 0 0 1 0 0 1 0 0 0 144 2.31875 0.930126 5.2
10 36 0 0 0 1 0 0 1 0 0 0 279 2.38602 0.949694 6.6
8 34 1 0 0 0 0 0 0 0 0 0 103 2.32621 0.963203 5.3
42 34 1 0 0 0 0 0 0 0 0 0 166 2.26386 1.14156 5.3
17.7 56 1 0 0 1 0 0 0 0 0 0 434 2.41313 0.951999 5.8
10 65 0 0 0 0 0 0 0 0 0 1 209 2.04402 1.07114 5
0.7 56 1 0 0 1 0 0 0 0 0 0 143 2.30839 0.925059 5.1
9 56 1 0 0 1 0 0 0 0 0 0 138 2.48623 0.888264 5.5
33 59 1 0 0 0 0 0 0 0 0 0 1675 2.46979 0.89393 5
15 56 1 0 0 1 0 0 0 0 0 0 128 2.55547 0.857668 5.7
17.7 10 1 0 0 0 0 0 0 0 0 0 156 2.50513 0.843968 5.2
1.7 56 1 0 0 1 0 0 0 0 0 0 175 2.00171 1.13799 5
33 56 1 0 0 1 0 0 0 0 0 0 942 2.46677 0.901126 5
6.3 56 1 0 0 1 0 0 0 0 0 0 127 2.45433 0.990646 5.2
5.1 56 1 0 0 1 0 0 0 0 0 0 115 2.37739 0.883281 7.1
33 56 1 0 0 1 0 0 0 0 0 0 173 2.3896 0.966793 5.2
33 34 1 0 0 0 0 0 0 0 0 0 119 2.37815 0.933338 5.2
0.2 14 0 0 0 0 0 0 0 0 0 0 390 2.42974 0.866758 5.3
11.8 12 0 1 0 1 0 0 0 0 0 0 455 2.38637 0.944708 5
53.1 41 1 0 0 0 0 0 0 0 0 0 110 2.40455 0.990444 5.1
53.8 59 1 1 0 1 0 0 0 0 0 0 218 2.44587 0.92692 5.1
119.1 34 1 0 0 0 0 0 0 0 0 0 113 2.49558 0.976665 5
128.2 41 1 0 0 0 0 0 0 0 0 0 523 2.326 0.886252 5.2
6.8 13 0 0 0 0 0 0 0 0 0 0 363 2.38953 0.924446 5.5
13.4 10 1 0 0 0 0 0 0 0 0 0 132 2.55303 0.940619 5
34.1 18 0 0 0 0 0 0 0 0 0 0 206 2.44272 0.94207 5
30.1 18 0 0 0 0 0 0 0 0 0 0 123 2.23089 0.962562 5.2
59.1 34 0 1 0 1 0 0 0 0 0 0 249 2.26627 0.9403 5
14.1 10 1 0 0 0 0 0 0 0 0 0 523 2.42161 0.903664 5.3
26.2 10 1 0 0 0 0 0 0 0 0 0 137 2.36642 1.07012 5.3
27.8 10 1 0 0 0 0 0 0 0 0 0 1695 2.40779 0.887387 5
35 10 1 0 0 0 0 0 0 0 0 0 252 2.46944 0.893617 5.1
21.2 10 1 0 0 0 0 0 0 0 0 0 369 2.52412 0.883015 6.3
39.6 11 1 0 0 0 0 0 0 0 0 1 351 2.43305 0.887033 6.3
24.5 11 1 0 0 1 0 0 1 0 0 0 113 2.2885 1.15466 6.4
9.9 34 0 0 0 0 0 0 0 0 0 0 300 2.45267 0.920232 5.3
33 34 1 0 0 0 0 0 0 0 0 0 119 2.38235 0.966206 5
9.9 15 1 0 0 1 0 0 0 0 0 1 156 2.63269 0.887893 5.4
15 34 1 0 0 0 0 0 0 0 0 0 117 2.49231 0.970431 5.2
37.4 34 0 1 0 1 0 0 0 0 0 0 256 2.34063 0.887935 5
24.6 34 0 1 0 1 0 0 0 0 0 0 534 2.47191 0.894175 5.8
119.1 34 1 0 0 0 0 0 0 0 0 0 140 2.50786 0.910343 5.3
51.1 34 0 1 0 1 0 0 0 0 0 0 306 1.49902 0.98795 5.1
0 12 0 0 0 0 0 0 0 0 0 0 133 2.56316 0.778998 5
22 1 0 0 0 0 0 0 0 0 0 1 1460 2.48089 0.879148 5.1
0 34 1 0 0 0 0 0 0 0 0 0 202 2.32574 0.87836 5.2
2 34 1 0 0 0 0 0 0 0 0 0 157 2.4051 0.865532 5
15 41 1 0 1 0 0 0 0 0 0 0 543 2.39908 0.913042 7.2
33 44 1 0 0 0 0 0 0 0 0 1 1491 2.42146 0.888187 5.1
40.2 44 1 0 0 0 0 0 0 0 0 1 203 2.31182 0.89655 5.3
19.2 34 1 0 0 0 0 0 0 0 0 0 722 2.46634 0.898007 5.2
200.6 64 1 0 1 0 0 0 0 0 0 0 106 2.61887 0.86145 5.2
19.5 34 1 0 0 0 0 0 0 0 0 0 1413 2.40793 0.888422 5.2
567.5 64 0 0 0 0 0 0 0 0 0 0 89 2.53034 0.967727 5.8
10 39 0 0 0 0 0 0 0 0 0 1 182 2.41374 0.920749 5.6
10 39 0 0 0 0 0 0 0 0 0 1 165 2.48061 0.888437 5.5
7 34 1 0 0 0 0 0 0 0 0 0 287 2.32125 0.922654 5.1
24.3 34 1 0 0 0 0 0 0 0 0 0 193 2.08601 1.09491 5.4
15 34 1 0 0 0 0 0 0 0 0 0 174 2.54253 0.87699 5.2
104.4 15 1 0 0 1 0 0 0 0 0 1 179 2.46704 0.925177 5.1
561.1 64 0 0 0 0 0 0 0 0 0 0 1165 2.4824 0.902581 6
13.8 34 1 0 0 0 0 0 0 0 0 0 317 2.4571 0.88392 5
22.4 34 1 0 0 0 0 0 0 0 0 0 164 2.41768 0.921553 5.2
14.2 34 1 0 0 0 0 0 0 0 0 0 517 2.3499 0.883606 5.1
8 34 1 0 0 0 0 0 0 0 0 0 154 2.72013 0.94912 5
39.1 34 1 0 0 0 0 0 0 0 0 0 321 2.41558 0.886243 5.1
33 34 1 0 0 0 0 0 0 0 0 0 132 2.32879 1.09035 5.2
41.8 34 1 0 0 0 0 0 0 0 0 0 208 2.44615 0.91944 6.1
22.2 34 1 0 0 0 0 0 0 0 0 0 119 2.34286 0.904291 5
41.1 34 1 0 0 0 0 0 0 0 0 0 1578 2.42662 0.87266 5.5
33 15 1 0 0 1 0 0 0 0 0 1 278 2.41942 0.910718 5.5
23.1 34 1 0 0 0 0 0 0 0 0 0 145 2.47586 0.889112 7.5
143.9 41 1 0 0 0 0 0 0 0 0 0 902 2.40133 0.897297 5.4
68.1 41 1 0 0 0 0 0 0 0 0 0 337 2.37626 0.926065 5.1
40.8 26 0 0 1 0 0 0 0 0 0 0 190 2.46 0.880658 5.6
46.5 26 0 0 1 0 0 0 0 0 0 0 302 2.27781 0.911264 5
25.8 34 1 0 0 0 0 0 0 0 0 0 395 2.41747 0.949683 5.1
45.7 26 0 0 1 0 0 0 0 0 0 0 241 2.32822 0.86343 5.2
40.1 26 0 0 1 0 0 0 0 0 0 0 303 2.33762 0.892897 6.3
28.8 29 1 0 0 1 1 0 1 0 0 0 139 2.53165 0.93193 5.2
81.2 25 1 0 0 1 0 0 0 0 0 0 498 1.8998 0.900613 5
33 41 1 0 0 0 0 0 0 0 0 0 133 2.67519 0.839119 5.2
22 41 1 0 0 0 0 0 0 0 0 0 128 2.47656 0.932695 5
70.1 14 0 0 0 0 0 0 0 0 0 0 102 2.45882 0.979131 5.2
32.8 46 1 1 0 1 0 0 0 0 0 0 130 2.43 0.942799 5.2
16.8 46 1 1 0 1 0 0 0 0 0 0 186 2.43011 0.855882 5
13.2 46 1 1 0 1 0 0 0 0 0 0 304 2.53947 0.844343 6.6
10 46 1 1 0 1 0 0 0 0 0 0 115 2.46 0.964843 5.1
39.5 41 1 0 0 1 0 0 0 0 0 0 95 2.29474 0.944833 5
10 65 0 0 0 0 0 0 0 0 0 1 362 2.49088 0.855596 5
7.4 34 1 0 0 1 0 0 0 0 0 0 553 2.38969 0.961775 5.1
42.1 34 1 0 0 0 0 0 0 0 0 0 284 2.43028 0.993712 5.4
23.3 34 1 0 0 0 0 0 0 0 0 1 144 2.59653 0.944973 5.6
31.2 34 1 0 0 0 0 0 0 0 0 0 253 2.81225 0.782547 5.3
39 34 1 0 0 0 0 0 0 0 0 0 252 2.41746 0.869326 5.2
42.3 34 1 0 0 0 0 0 0 0 0 0 155 2.35032 0.880716 5
42 34 1 0 0 1 0 0 0 0 0 0 135 2.43556 0.847521 5
28.7 34 1 0 0 0 0 0 0 0 0 0 538 2.38941 0.931431 5.2
27.2 34 1 0 0 0 0 0 0 0 0 0 144 2.59375 0.826826 5.2
48.9 34 1 0 0 0 0 0 0 0 0 0 1614 2.49585 0.900758 5.5
10 21 0 0 0 0 0 0 0 0 0 1 194 1.96907 1.08184 5
39.7 34 1 0 0 0 0 0 0 0 0 0 141 2.45106 0.915944 5.4
24.7 34 1 0 0 0 0 0 0 0 0 1 728 2.42019 0.901261 5.2
47.6 34 1 0 0 0 0 0 0 0 0 0 308 2.22597 1.0042 5.1
33 34 1 0 0 0 0 0 0 0 0 0 122 2.47295 0.814121 5.1
27 26 1 0 0 1 0 0 0 0 0 0 32899 1.09749 0.763268 5.7
22.2 34 1 0 0 0 0 0 0 0 0 1 1686 2.47888 0.885499 5.1
24 34 1 0 0 0 0 0 0 0 0 0 197 2.43503 0.942478 5.4
39.9 34 1 0 0 0 0 0 0 0 0 0 226 2.25973 0.939694 5
50.6 34 1 0 0 0 0 0 0 0 0 0 635 2.23181 0.843668 5.3
28.2 34 1 0 0 0 0 0 0 0 0 0 374 2.41551 0.871795 5
37.8 34 1 0 0 0 0 0 0 0 0 0 23527 1.18745 0.799414 5
30.4 34 1 0 0 0 0 0 0 0 0 1 119 2.62185 0.924108 5.3
33 34 1 0 0 0 0 0 0 0 0 0 1108 2.40099 0.904077 5.3
24.5 34 1 0 0 0 0 0 0 0 0 0 156 2.26026 1.04223 5.8
30 34 1 0 0 0 0 0 0 0 0 0 437 2.40252 0.896889 6.2
25.6 34 1 0 0 0 0 0 0 0 0 1 143 2.61469 0.88917 5.4
23.8 34 1 0 0 0 0 0 0 0 0 0 232 2.54267 0.940166 6
41.7 34 1 0 0 0 0 0 0 0 0 0 154 2.05584 1.09935 5.9
33 41 1 0 0 1 0 0 0 0 0 0 136 2.51618 0.887016 5.3
33 34 1 0 0 0 0 0 0 0 0 0 191 2.48115 0.960563 5
25.4 34 1 0 0 0 0 0 0 0 0 1 1231 2.43038 0.896968 5
30.1 34 1 0 0 0 0 0 0 0 0 0 190 2.46737 0.938638 5.1
38.1 34 1 0 0 0 0 0 0 0 0 1 154 2.4013 0.99603 5.1
38.2 34 1 0 0 0 0 0 0 0 0 0 260 2.56577 0.860289 5
23.5 34 1 0 0 0 0 0 0 0 0 0 319 2.35987 0.972774 5.4
27.5 34 1 0 0 0 0 0 0 0 0 0 165 2.46424 0.796428 5.1
23.5 34 1 0 0 0 0 0 0 0 0 0 145 2.49379 0.912459 5.2
40.6 34 1 0 0 0 0 0 0 0 0 0 1290 2.42357 0.894359 5.3
66.2 34 1 0 0 0 0 0 0 0 0 0 95 2.21579 0.934746 5
65.6 34 1 0 0 0 0 0 0 0 0 1 279 2.65484 0.845674 5.2
33 34 1 0 0 0 0 0 0 0 0 0 173 2.35434 0.850533 5
52.5 34 1 0 0 0 0 0 0 0 0 0 404 2.47129 0.886738 5.7
24.5 34 1 0 0 0 0 0 0 0 0 1 137 2.42628 1.08428 5.3
33 34 1 0 0 0 0 0 0 0 0 0 207 1.94444 1.1302 5.4
24.5 34 1 0 0 0 0 0 0 0 0 0 138 2.30942 0.934669 5
12.3 34 1 0 0 0 0 0 0 0 0 0 193 2.33886 0.915436 5
23.8 34 1 0 0 0 0 0 0 0 0 0 193 2.51295 0.931035 5.5
30 34 1 0 0 0 0 0 0 0 0 0 188 2.52553 0.912728 5.1
28.6 34 1 0 0 0 0 0 0 0 0 0 296 2.23176 1.08522 5.3
36 34 1 0 0 0 0 0 0 0 0 0 154 2.7539 0.884582 5.1
30 34 1 0 0 0 0 0 0 0 0 0 409 2.47897 0.920294 5
46.2 34 1 0 0 0 0 0 0 0 0 0 462 2.44762 0.927073 5.2
9.3 34 1 0 0 0 0 0 0 0 0 0 136 2.43235 0.972783 5.7
9.9 34 1 0 0 0 0 0 0 0 0 0 162 2.4716 0.849798 5.7
26.5 34 1 0 0 0 0 0 0 0 0 0 1900 2.43611 0.882366 5.3
36.4 34 1 0 0 0 0 0 0 0 0 0 170 2.39294 0.943621 5.2
29.2 34 1 0 0 0 0 0 0 0 0 0 238 2.0458 0.965651 5
26 34 1 0 0 0 0 0 0 0 0 1 657 2.36865 0.91812 5.1
24.9 34 1 0 0 0 0 0 0 0 0 1 96 2.40625 0.95708 5.5
28.4 34 1 0 0 0 0 0 0 0 0 0 433 2.35289 0.917597 5.4
24.6 34 1 0 0 0 0 0 0 0 0 0 333 2.5009 0.879615 5
28.8 34 1 0 0 0 0 0 0 0 0 0 1798 2.4203 0.887708 5.3
21.2 34 1 0 0 0 0 0 0 0 0 0 129 2.42326 1.09378 5.2
15.8 34 1 0 0 0 0 0 0 0 0 0 135 2.37704 0.925518 5
33 34 1 0 0 0 0 0 0 0 0 0 226 2.34823 0.951209 5.1
24.2 34 1 0 0 0 0 0 0 0 0 1 401 2.31571 0.914705 5.2
25.3 34 1 0 0 0 0 0 0 0 0 1 1554 2.47542 0.894945 5.6
24.8 34 1 0 0 0 0 0 0 0 0 0 121 2.5405 0.837803 5.2
27.2 34 1 0 0 0 0 0 0 0 0 1 130 2.33308 0.878319 5
30 34 1 0 0 0 0 0 0 0 0 0 125 2.2936 0.953121 5
25.3 34 1 0 0 0 0 0 0 0 0 0 154 2.32468 1.12066 5.1
6.6 34 1 0 0 0 0 0 0 0 0 1 1493 2.49102 0.904843 5.3
31.8 34 1 0 0 0 0 0 0 0 0 1 599 2.19716 0.838997 5.4
48.9 34 1 0 0 0 0 0 0 0 0 0 338 2.33107 0.948814 5.7
33 34 1 0 0 0 0 0 0 0 0 0 436 2.42454 0.877715 5
13.9 34 1 0 0 0 0 0 0 0 0 0 354 2.37232 0.880275 5.7
30.2 34 1 0 0 0 0 0 0 0 0 0 205 2.55756 0.858305 6
32.2 34 1 0 0 0 0 0 0 0 0 0 136 2.38603 0.87348 5.6
49.9 34 1 0 0 0 0 0 0 0 0 0 302 2.31954 0.947626 5.2
17.3 34 1 0 0 0 0 0 0 0 0 0 197 2.03249 1.01254 5
24.6 34 1 0 0 0 0 0 0 0 0 0 382 2.28115 0.81476 5.5
26.9 34 1 0 0 0 0 0 0 0 0 0 123 2.45122 0.918497 5.6
56.2 34 1 0 0 0 0 0 0 0 0 0 313 2.42013 0.90123 5
27.4 34 1 0 0 0 0 0 0 0 0 0 129 2.54186 0.863892 5.2
29.1 34 1 0 0 0 0 0 0 0 0 0 129 2.3876 0.89278 5.2
39.1 34 1 0 0 0 0 0 0 0 0 0 135 2.55037 0.930303 5
28.8 34 1 0 0 0 0 0 0 0 0 0 210 2.37 0.956633 5.2
46.7 34 1 0 0 0 0 0 0 0 0 0 921 2.42389 0.887074 5
30 34 1 0 0 0 0 0 0 0 0 0 563 2.41563 0.89671 5.1
23.4 34 1 0 0 0 0 0 0 0 0 0 125 2.396 0.989254 5
50.3 34 1 0 0 0 0 0 0 0 0 0 138 2.18551 1.10247 5.1
27.4 34 1 0 0 0 0 0 0 0 0 1 130 2.50231 1.00701 5.7
23.1 34 1 0 0 0 0 0 0 0 0 0 314 2.47134 0.832313 5.3
30 34 1 0 0 0 0 0 0 0 0 0 359 2.24429 0.85612 5.5
31.9 34 1 0 0 0 0 0 0 0 0 0 393 2.39542 0.906033 5.7
20.3 34 1 0 0 0 0 0 0 0 0 0 207 2.35556 0.860937 5.2
31.5 34 1 0 0 0 0 0 0 0 0 0 528 2.47898 0.903064 5.1
30 34 1 0 0 0 0 0 0 0 0 0 1920 2.41714 0.885098 5
33.1 34 1 0 0 0 0 0 0 0 0 0 176 2.37784 0.851148 5.5
124.2 26 1 0 0 0 0 0 0 0 0 0 350 2.36657 0.893307 5.5
53 34 1 1 0 1 1 0 0 0 0 0 232 2.42931 0.83253 5
29.2 34 1 0 0 0 0 0 0 0 0 0 640 2.39688 0.883418 6.1
32.6 34 1 0 0 0 0 0 0 0 0 0 253 2.52727 0.877613 5.5
26.4 34 1 0 0 0 0 0 0 0 0 1 1885 2.44472 0.880891 5.4
33 34 1 0 0 0 0 0 0 0 0 0 318 2.15377 1.05397 5.1
26.6 34 1 0 0 0 0 0 0 0 0 0 335 2.19075 0.965589 5.1
30.2 34 1 0 0 0 0 0 0 0 0 0 1219 2.45094 0.897872 5.3
30 34 1 0 0 0 0 0 0 0 0 0 369 2.37317 0.888323 5
25.8 34 1 0 0 0 0 0 0 0 0 0 371 2.39164 0.923552 5
15.2 34 1 0 0 0 0 0 0 0 0 1 115 2.43913 0.993518 5.1
26.5 34 1 0 0 0 0 0 0 0 0 1 160 2.32375 0.945085 5
24.1 34 1 0 0 0 0 0 0 0 0 0 251 2.00199 1.07938 5.2
29.4 34 1 0 0 0 0 0 0 0 0 0 250 2.0652 0.881152 5.4
39.7 34 1 0 0 0 0 0 0 0 0 0 322 2.69907 0.750548 5.4
17.7 34 1 0 0 0 0 0 0 0 0 0 471 2.41975 0.940035 5
33 34 1 0 0 0 0 0 0 0 0 0 501 2.45269 0.881422 5.4
18.3 34 1 0 0 0 0 0 0 0 0 0 272 2.43897 0.867906 5.3
18 34 1 0 0 0 0 0 0 0 0 0 244 2.40615 0.996923 6
20.5 34 1 0 0 0 0 0 0 0 0 1 368 2.44837 0.890681 5.7
26.3 34 1 0 0 0 0 0 0 0 0 1 356 2.36152 0.932802 5.3
32.6 34 1 0 0 0 0 0 0 0 0 0 116 2.31724 1.00955 5.1
28.6 34 1 0 0 0 0 0 0 0 0 1 326 2.42638 0.89859 5
30 34 1 0 0 0 0 0 0 0 0 0 508 2.50138 0.886101 5.2
26.8 34 1 0 0 0 0 0 0 0 0 0 905 2.43492 0.891914 5.9
29.2 34 1 0 0 0 0 0 0 0 0 0 1737 2.47271 0.885944 5.1
21.1 34 1 0 0 0 0 0 0 0 0 0 243 2.39877 0.88585 5.2
30 34 1 0 0 0 0 0 0 0 0 1 147 2.50272 0.936773 5.1
25.9 34 1 0 0 0 0 0 0 0 0 1 148 2.45405 1.06119 5.4
20.6 34 1 0 0 0 0 0 0 0 0 1 251 2.3008 0.93015 5.4
61.9 34 1 0 0 0 0 0 0 0 0 0 118 2.38814 0.979205 5.2
32.8 34 1 0 0 0 0 0 0 0 0 0 133 2.3609 0.920513 5.2
13.6 34 1 0 0 0 0 0 0 0 0 1 240 2.54417 0.814176 6.2
33 34 1 0 0 0 0 0 0 0 0 1 140 2.475 0.892839 5.4
30 34 1 0 0 0 0 0 0 0 0 1 228 2.36886 0.935107 5.5
48.1 34 1 0 0 0 0 0 0 0 0 0 126 2.60159 0.853841 5.2
30 34 1 0 0 0 0 0 0 0 0 1 387 2.46693 0.846205 5.3
39 34 1 0 0 0 0 0 0 0 0 0 138 2.45652 0.944393 5.5
39.6 34 1 0 0 0 0 0 0 0 0 0 569 2.42636 0.915695 5.4
32 34 1 0 0 0 0 0 0 0 0 0 130 2.28385 0.981506 5.4
33 34 1 0 0 0 0 0 0 0 0 0 163 2.50429 0.854461 5.3
26.9 34 1 0 0 0 0 0 0 0 0 1 380 2.40789 0.877071 6.3
30 34 1 0 0 0 0 0 0 0 0 0 628 2.44761 0.916225 6.3
14.7 34 1 0 0 0 0 0 0 0 0 1 247 2.37206 0.8565 5.1
36 34 1 0 0 0 0 0 0 0 0 0 130 2.43923 0.866336 5.2
27.2 34 1 0 0 0 0 0 0 0 0 0 304 2.18914 1.01715 5.1
30 34 1 0 0 0 0 0 0 0 0 0 137 2.42263 0.945677 5.4
16.7 34 1 0 0 0 0 0 0 0 0 0 137 2.63139 0.802528 6.6
21.4 34 1 0 0 0 0 0 0 0 0 0 136 2.59044 0.882666 5
32 34 1 0 0 0 0 0 0 0 0 0 312 2.36538 0.940891 5.2
50.8 34 1 0 0 0 0 0 0 0 0 0 806 2.46836 0.879758 5.3
23.6 34 1 0 0 0 0 0 0 0 0 0 433 2.48129 0.862135 5.2
38.3 34 1 0 0 0 0 0 0 0 0 0 140 2.46071 0.868965 5.1
33 34 1 0 0 0 0 0 0 0 0 0 152 2.51382 0.937034 5.3
33 34 1 0 0 0 0 0 0 0 0 0 287 2.55122 0.869012 5
24.3 34 1 0 0 0 0 0 0 0 0 0 164 2.4378 0.953062 5.3
19.4 34 1 0 0 0 0 0 0 0 0 0 137 2.56204 0.894846 5.5
24.1 34 1 0 0 0 0 0 0 0 0 1 499 2.83687 0.762841 5.7
24.8 34 1 0 0 0 0 0 0 0 0 0 607 2.30247 0.875708 5.1
33 34 1 0 0 0 0 0 0 0 0 0 1192 2.45948 0.897439 5.2
19.9 34 1 0 0 0 0 0 0 0 0 1 124 2.37903 0.911156 5.6
29.3 34 1 0 0 0 0 0 0 0 0 0 257 2.6463 0.855058 5.4
23.3 34 1 0 0 0 0 0 0 0 0 1 206 2.28689 0.927609 5.5
21.8 34 1 0 0 0 0 0 0 0 0 0 597 2.4727 0.874853 5
27.1 34 1 0 0 0 0 0 0 0 0 0 319 2.56113 0.876045 5.4
33 34 1 0 0 0 0 0 0 0 0 0 181 2.60497 0.895185 5.4
24.2 34 1 0 0 0 0 0 0 0 0 0 155 2.12903 0.930554 5.1
27.1 34 1 0 0 0 0 0 0 0 0 1 133 2.49098 0.908809 5.4
24.7 34 1 0 0 0 0 0 0 0 0 0 149 2.67718 0.931847 5.1
22.1 34 1 0 0 0 0 0 0 0 0 0 1846 2.67573 0.657391 5.7
23.5 34 1 0 0 0 0 0 0 0 0 0 210 2.49 0.870657 5.1
0 34 1 0 0 0 0 0 0 0 0 0 120 2.37 0.923002 5
28.8 34 1 0 0 0 0 0 0 0 0 0 138 2.56087 0.903571 5.2
33 34 1 0 0 0 0 0 0 0 0 0 176 2.13068 1.09579 5
33 34 1 0 0 0 0 0 0 0 0 0 118 2.32373 0.908032 5.1
19.1 34 1 0 0 0 0 0 0 0 0 0 132 2.67273 0.839471 5.2
15 34 1 0 0 0 0 0 0 0 0 1 191 2.39424 0.854749 5.3
21.9 34 1 0 0 0 0 0 0 0 0 0 105 2.60667 0.902406 5.4
33 34 1 0 0 0 0 0 0 0 0 0 111 2.3991 1.02241 5.1
26.7 34 1 0 0 0 0 0 0 0 0 0 236 1.95 1.07894 5.2
33.8 34 1 0 0 0 0 0 0 0 0 0 143 2.51469 0.851979 5
21.3 34 1 0 0 0 0 0 0 0 0 0 213 2.37606 0.790697 5.4
30 34 1 0 0 0 0 0 0 0 0 0 122 2.34344 0.930097 5.3
25.5 34 1 0 0 0 0 0 0 0 0 0 167 2.43473 0.894489 5.2
29.1 34 1 0 0 0 0 0 0 0 0 1 160 2.38562 0.854828 5.3
27.6 34 1 0 0 0 0 0 0 0 0 0 1513 2.48004 0.885768 5.2
32.3 34 1 0 0 0 0 0 0 0 0 0 175 2.50857 0.852348 5.4
33 34 1 0 0 0 0 0 0 0 0 0 209 2.66411 0.769953 5.2
37.6 34 1 0 0 0 0 0 0 0 0 0 364 2.4956 0.934376 5
30 34 1 0 0 0 0 0 0 0 0 0 216 2.1213 1.05519 5.2
31.7 34 1 0 0 0 0 0 0 0 0 0 273 2.31502 0.919246 7.2
33.7 34 1 0 0 0 0 0 0 0 0 0 533 2.54559 0.874082 5.3
27.1 34 1 0 0 0 0 0 0 0 0 0 151 2.47748 0.917178 5.4
47.9 34 1 0 0 0 0 0 0 0 0 0 297 2.38788 0.910796 5.8
28.6 34 1 0 0 0 0 0 0 0 0 0 149 2.84027 0.862486 5.4
27.8 34 1 0 0 0 0 0 0 0 0 0 230 1.80913 1.13917 5.5
17.5 34 1 0 0 0 0 0 0 0 0 0 140 2.31143 1.17206 5.2
30 34 1 0 0 0 0 0 0 0 0 0 163 2.52761 0.882223 5.1
52 34 1 0 0 0 0 0 0 0 0 0 201 2.13284 0.975785 5.7
45 34 1 0 0 0 0 0 0 0 0 0 141 2.38794 0.84815 5.3
37.7 34 1 0 0 0 0 0 0 0 0 0 237 2.20506 0.998509 5
24.5 34 1 0 0 0 0 0 0 0 0 1 396 1.48182 0.983486 5.2
42.5 34 1 0 0 0 0 0 0 0 0 0 1558 2.47728 0.882993 5.6
33 34 1 0 0 0 0 0 0 0 0 0 856 1.80199 0.79292 5.2
22.6 34 1 0 0 0 0 0 0 0 0 0 169 2.41953 0.927443 5.3
26.2 34 1 0 0 0 0 0 0 0 0 0 195 2.66718 0.887896 5.8
20.7 34 1 0 0 0 0 0 0 0 0 0 205 2.6239 0.788369 5.4
34.1 34 1 0 0 0 0 0 0 0 0 0 437 2.42563 0.906035 5.5
38.9 34 1 0 0 0 0 0 0 0 0 0 226 1.96327 1.11038 5.6
30 34 1 0 0 0 0 0 0 0 0 0 122 2.40656 0.923708 5.4
24.7 34 1 0 0 0 0 0 0 0 0 0 242 2.31322 0.934724 5.4
29.9 34 1 0 0 0 0 0 0 0 0 1 274 2.12956 0.94593 5.9
26.7 34 1 0 0 0 0 0 0 0 0 0 247 2.3834 0.760465 5.1
30 34 1 0 0 0 0 0 0 0 0 0 207 2.36329 0.948686 5.5
20.1 34 1 0 0 0 0 0 0 0 0 0 201 1.91642 1.03514 5.7
30 34 1 0 0 0 0 0 0 0 0 0 157 2.4707 0.96534 5.4
20.9 34 1 0 0 0 0 0 0 0 0 1 121 2.60826 0.805414 5.8
30 34 1 0 0 0 0 0 0 0 0 0 213 2.50657 0.833993 5.7
24 34 1 0 0 0 0 0 0 0 0 0 1423 2.43282 0.873397 5.2
30 34 1 0 0 0 0 0 0 0 0 0 259 2.40232 0.911146 5.4
31.9 34 1 0 0 0 0 0 0 0 0 0 157 2.38471 0.930322 5.6
32.2 34 1 0 0 0 0 0 0 0 0 1 267 2.40824 0.940997 5.8
28.4 34 1 0 0 0 0 0 0 0 0 0 133 2.56541 0.880793 5.7
21.7 34 1 0 0 0 0 0 0 0 0 0 1866 2.42101 0.883654 5.1
14.8 34 1 0 0 0 0 0 0 0 0 0 408 2.3625 0.948859 5.7
24.9 34 1 0 0 0 0 0 0 0 0 1 1788 2.42472 0.884128 5.7
20.4 34 1 0 0 0 0 0 0 0 0 0 246 2.52561 0.878859 5.6
28.6 34 1 0 0 0 0 0 0 0 0 0 1642 2.4581 0.902742 6
30 34 1 0 0 0 0 0 0 0 0 0 126 2.56667 0.853843 5.3
33 34 1 0 0 0 0 0 0 0 0 1 445 2.16697 0.934007 5.2
17 34 1 0 0 0 0 0 0 0 0 0 210 2.10238 1.00259 5
47.5 34 1 0 0 0 0 0 0 0 0 0 247 2.46802 0.880185 5.7
30 34 1 0 0 0 0 0 0 0 0 0 154 2.52013 0.830223 5.3
33 34 1 0 0 0 0 0 0 0 0 0 114 2.51667 0.867029 5
0 34 1 0 0 0 0 0 0 0 0 1 11254 0.820606 0.580908 5
33 34 1 0 0 0 0 0 0 0 0 0 256 2.31367 0.91524 5.5
30 34 1 0 0 0 0 0 0 0 0 0 122 2.58525 0.914875 5.5
33 34 1 0 0 1 0 0 0 0 0 0 1108 2.4694 0.90983 5.8
30 34 1 0 0 0 0 0 0 0 0 0 299 2.32642 0.93437 6.1
30 34 1 0 0 0 0 0 0 0 0 0 583 2.38182 0.92857 6
30 34 1 0 0 0 0 0 0 0 0 0 509 2.47407 0.901557 6.1
0 34 1 0 0 0 0 0 0 0 0 0 166 2.5747 0.892923 5.3
30 34 1 0 0 0 0 0 0 0 0 0 147 2.55374 0.866008 5.5
0 34 1 0 0 0 0 0 0 0 0 0 256 2.39492 0.885745 6.6
26.1 34 1 0 0 0 0 0 0 0 0 0 481 2.37588 0.929758 9.1
10 46 1 0 0 0 0 0 0 0 0 0 1561 2.41563 0.88056 5.1
135.6 25 1 0 0 1 0 0 0 0 0 0 195 1.95538 1.11939 5.3
16.8 15 1 0 0 1 0 0 0 0 0 1 625 2.536 0.878927 5.1
25.5 14 0 1 0 1 0 0 0 0 0 0 146 2.37192 0.988755 5.3
56.1 34 1 0 0 1 0 0 0 0 0 0 131 2.46947 0.939944 5.1
10 39 0 0 0 0 0 0 0 0 0 1 145 2.42 0.935993 5.4
10 52 0 0 0 0 0 0 0 0 0 1 127 2.54488 1.02263 5
33 41 1 0 0 1 0 0 0 0 0 0 388 2.51289 0.838223 5.5
595.8 26 1 0 0 0 0 0 0 0 0 0 127 2.49685 0.887262 5.7
57.8 10 1 0 0 0 0 0 0 0 0 0 124 2.32903 0.95172 5.3
27.7 41 1 0 0 1 0 0 0 0 0 0 1034 2.95967 0.495461 5.7
15 12 1 0 0 1 0 0 0 0 0 0 850 2.46894 0.867844 5.1
162.3 26 1 0 0 0 0 0 0 0 0 0 131 2.45115 1.00445 5.3
45.9 26 0 0 1 0 0 0 0 0 0 0 151 2.43841 0.887355 5.1
10 65 0 0 0 0 0 0 0 0 0 1 199 2.31608 0.886551 5
9.4 43 1 0 0 0 0 0 0 0 0 1 556 2.37842 0.889771 6.8
24.8 4 1 0 0 1 0 0 0 0 0 0 1796 2.48179 0.894513 5.1
62.5 11 1 0 0 1 0 0 0 0 0 0 189 2.84339 0.93911 5.9
33 14 0 0 0 0 0 0 0 0 0 0 226 1.88451 1.10401 5
17.2 34 1 0 0 0 0 0 0 0 0 0 999 2.43864 0.879888 5.5
10 37 0 0 0 0 0 0 0 0 0 1 320 2.49875 0.927395 5.4
37.6 68 1 0 0 1 0 0 0 0 0 0 176 2.7358 0.914978 5
10 4 1 0 0 1 0 0 0 0 0 0 1730 2.47786 0.898702 5
58.8 10 0 0 0 0 0 0 0 0 0 0 549 2.40929 0.90268 5.2
60.5 34 1 0 0 0 0 0 0 0 0 0 1753 2.47901 0.898267 5.1
29.7 44 1 0 0 0 0 0 0 0 0 1 115 2.43304 0.944248 5.1
20 30 0 0 0 0 0 0 0 0 0 0 194 2.50619 0.898775 5
109.7 15 1 0 0 1 0 0 0 0 0 1 131 2.26489 1.18405 5
41.2 30 0 0 0 0 0 0 0 0 0 0 196 2.56122 0.921416 5.3
32.3 18 0 0 1 1 0 0 0 0 0 0 406 2.53498 0.872632 5
52.2 41 1 0 0 1 0 0 0 0 0 0 200 2.378 0.955833 5.7
14.4 56 1 0 0 1 0 0 0 0 0 0 157 2.41401 0.898013 5
25.3 14 0 0 0 0 0 0 0 0 0 0 231 2.41169 0.913104 5.1
9 56 1 0 0 1 0 0 0 0 0 0 185 2.41459 0.904615 5.1
40.5 66 0 0 0 0 0 0 0 0 0 0 179 2.47877 0.908001 5.3
48.2 66 0 0 0 0 0 0 0 0 0 0 185 2.51622 0.883027 5.8
29.9 10 1 0 0 0 0 0 0 0 0 0 328 1.40244 1.04341 5
75.9 56 1 0 0 1 0 0 0 0 0 0 133 2.3985 0.884451 5.3
7.8 56 1 0 0 1 0 0 0 0 0 0 115 2.47565 0.980735 5.7
12.4 56 1 0 0 1 0 0 0 0 0 0 648 2.40401 0.887507 5.6
10 16 1 0 0 1 0 0 0 0 0 1 262 2.28435 0.932422 5.2
11 56 1 0 0 1 0 0 0 0 0 0 320 2.35906 0.911684 5.5
