11
1090
2 1 3 1 1 3 1 0 0 0 0 11
2 1 10 3 2 6 1 0 0 0 0 11
2 1 10 3 3 9 1 0 0 0 0 9
4 1 1 4 2 5 1 0 0 0 0 11
4 1 3 1 2 5 1 0 0 0 0 11
4 1 10 3 2 6 1 0 0 0 0 11
4 1 11 3 1 3 1 0 0 0 0 11
4 1 11 3 2 7 1 0 0 0 0 11
4 1 12 4 2 6 1 0 0 0 0 11
4 1 12 4 2 7 1 0 0 0 0 11
6 1 1 4 2 6 1 0 0 0 0 11
6 1 1 4 2 8 1 0 0 0 0 11
6 1 1 4 2 6 1 0 0 0 0 11
6 1 2 4 1 2 1 0 0 0 0 9
6 1 2 4 1 3 1 0 0 0 0 11
6 1 2 4 1 2 1 0 0 0 0 11
6 1 3 1 2 6 1 0 0 0 0 9
6 1 3 1 2 5 1 0 0 0 0 9
6 1 3 1 3 11 1 0 0 0 0 11
6 1 3 1 3 10 1 0 0 0 0 11
6 1 3 1 2 6 1 0 0 0 0 8
6 1 4 1 2 7 1 0 0 0 0 11
6 1 4 1 2 8 1 0 0 0 0 11
6 1 4 1 3 7 1 0 0 0 0 11
6 1 5 1 2 8 1 0 0 0 0 11
6 1 6 2 2 7 1 0 0 0 0 11
6 1 6 2 3 9 1 0 0 0 0 11
6 1 7 2 5 13 1 0 0 0 0 11
6 1 7 2 3 7 1 0 0 0 0 11
6 1 9 3 2 8 1 0 0 0 0 11
6 1 10 3 2 6 1 0 0 0 0 11
6 1 10 3 2 6 1 0 0 0 0 11
6 1 10 3 2 8 1 0 0 0 0 11
6 1 11 3 1 3 1 0 0 0 0 9
6 1 12 4 2 6 1 0 0 0 0 11
6 1 12 4 1 2 1 0 0 0 0 11
6 1 12 4 2 6 1 0 0 0 0 9
7 1 2 4 2 7 1 0 0 0 0 8
7 1 3 1 3 8 1 0 0 0 0 8
7 1 4 1 1 5 1 0 0 0 0 11
7 1 4 1 1 4 1 0 0 0 0 11
7 1 11 3 3 9 1 0 0 0 0 11
8 1 2 4 2 6 1 0 0 0 0 11
8 1 2 4 1 2 1 0 0 0 0 11
8 1 9 3 3 8 1 0 0 0 0 9
8 1 11 3 2 7 1 0 0 0 0 11
8 1 12 4 2 7 1 0 0 0 0 11
9 1 3 1 3 11 1 0 0 0 0 11
9 1 3 1 1 3 1 0 0 0 0 11
9 1 3 1 4 10 1 0 0 0 0 9
9 1 3 1 1 2 1 0 0 0 0 11
9 1 4 1 2 6 1 0 0 0 0 11
9 1 4 1 1 3 1 0 0 0 0 11
9 1 5 1 1 3 1 0 0 0 0 11
9 1 5 1 3 8 1 0 0 0 0 11
9 1 5 1 1 3 1 0 0 0 0 11
9 1 6 2 1 3 1 0 0 0 0 11
9 1 7 2 1 2 1 0 0 0 0 11
9 1 8 2 2 6 1 0 0 0 0 11
9 1 8 2 3 9 1 0 0 0 0 11
9 1 11 3 3 9 1 0 0 0 0 11
9 1 11 3 2 6 1 0 0 0 0 11
9 1 12 4 1 3 1 0 0 0 0 11
11 1 3 1 2 6 1 0 0 0 0 11
11 1 3 1 2 5 1 0 0 0 0 11
12 1 2 4 2 4 1 0 0 0 0 11
12 1 2 4 2 4 1 0 0 0 0 11
12 1 4 1 2 4 1 0 0 0 0 11
12 1 7 2 2 4 1 0 0 0 0 11
12 1 7 2 1 2 1 0 0 0 0 11
12 1 7 2 1 4 1 0 0 0 0 11
12 1 8 2 5 12 1 0 0 0 0 9
12 1 8 2 2 4 1 0 0 0 0 11
12 1 9 3 2 5 1 0 0 0 0 11
12 1 10 3 1 4 1 0 0 0 0 11
12 1 10 3 5 12 1 0 0 0 0 8
12 1 11 3 2 4 1 0 0 0 0 11
12 1 11 3 4 8 1 0 0 0 0 11
12 1 11 3 1 2 1 0 0 0 0 11
12 1 11 3 2 4 1 0 0 0 0 9
12 1 11 3 1 2 1 0 0 0 0 11
12 1 11 3 2 5 1 0 0 0 0 11
13 1 2 4 1 3 1 0 0 0 0 11
13 1 5 1 1 3 1 0 0 0 0 11
13 1 5 1 1 2 1 0 0 0 0 11
13 1 7 2 2 6 1 0 0 0 0 8
14 1 3 1 5 11 1 0 0 0 0 11
14 1 4 1 1 2 1 0 0 0 0 11
14 1 4 1 1 3 1 0 0 0 0 11
14 1 6 2 1 3 1 0 0 0 0 11
14 1 10 3 2 6 1 0 0 0 0 11
14 1 11 3 2 6 1 0 0 0 0 11
15 1 2 4 1 2 1 0 0 0 0 11
15 1 3 1 3 9 1 0 0 0 0 11
15 1 5 1 1 3 1 0 0 0 0 11
15 1 7 2 3 7 1 0 0 0 0 11
15 1 11 3 2 4 1 0 0 0 0 11
16 1 2 4 1 3 1 0 0 0 0 11
16 1 2 4 2 6 1 0 0 0 0 11
16 1 4 1 1 3 1 0 0 0 0 11
16 1 4 1 1 3 1 0 0 0 0 11
16 1 4 1 1 3 1 0 0 0 0 9
16 1 5 1 1 3 1 0 0 0 0 11
16 1 5 1 1 3 1 0 0 0 0 11
16 1 8 2 3 8 1 1 0 0 0 11
16 1 9 3 1 4 1 0 0 0 0 11
16 1 9 3 1 3 1 0 0 0 0 11
16 1 9 3 2 6 1 0 0 0 0 11
16 1 10 3 4 9 1 0 0 0 0 9
16 1 10 3 7 16 1 0 0 0 0 9
16 1 11 3 1 3 1 0 0 0 0 11
16 1 11 3 1 4 1 0 0 0 0 11
17 1 3 1 2 6 1 0 0 0 0 11
17 1 4 1 2 5 1 0 0 0 0 11
19 1 1 4 8 21 1 0 0 0 0 8
19 1 4 1 3 7 1 0 0 0 0 11
19 1 5 1 2 7 1 0 0 0 0 11
19 1 7 2 1 4 1 0 0 0 0 9
19 1 7 2 1 3 1 0 0 0 0 11
20 1 2 4 3 9 1 0 0 0 0 11
20 1 3 1 2 7 1 0 0 0 0 11
20 1 5 1 2 5 1 0 0 0 0 11
20 1 5 1 2 4 1 0 0 0 0 11
20 1 7 2 2 5 1 0 0 0 0 11
20 1 7 2 3 6 1 0 0 0 0 11
20 1 7 2 2 5 1 0 0 0 0 11
22 1 1 4 1 3 1 0 0 0 0 11
22 1 1 4 1 2 1 0 0 0 0 11
22 1 1 4 2 6 1 0 0 0 0 11
22 1 3 1 4 12 1 0 0 0 0 11
22 1 4 1 1 3 1 0 0 0 0 11
22 1 5 1 1 2 1 0 0 0 0 11
22 1 8 2 4 9 1 0 0 0 0 11
22 1 8 2 1 2 1 0 0 0 0 11
22 1 9 3 3 6 1 0 0 0 0 11
22 1 12 4 1 2 1 0 0 0 0 11
22 1 12 4 2 5 1 0 0 0 0 11
22 1 12 4 1 3 1 0 0 0 0 11
23 1 1 4 2 6 1 0 0 0 0 11
23 1 1 4 1 3 1 0 0 0 0 11
23 1 4 1 1 4 1 0 0 0 0 11
23 1 4 1 2 5 1 0 0 0 0 11
23 1 4 1 2 6 1 0 0 0 0 11
23 1 4 1 2 5 1 0 0 0 0 11
23 1 5 1 2 5 1 0 0 0 0 11
23 1 8 2 4 10 1 0 0 0 0 11
23 1 9 3 2 5 1 0 0 0 0 11
23 1 11 3 2 5 1 0 0 0 0 11
23 1 11 3 2 6 1 0 0 0 0 11
23 1 12 4 3 7 1 0 0 0 0 11
23 1 12 4 1 3 1 0 0 0 0 11
24 1 1 4 5 16 1 0 0 0 0 8
24 1 2 4 2 4 1 0 0 0 0 11
24 1 2 4 2 5 1 0 0 0 0 9
24 1 4 1 1 3 1 0 0 0 0 11
24 1 6 2 1 3 1 0 0 0 0 11
24 1 8 2 2 5 1 0 0 0 0 9
24 1 11 3 2 5 1 0 0 0 0 11
24 1 12 4 2 5 1 0 0 0 0 11
25 1 7 2 1 2 1 0 0 0 0 11
25 1 7 2 2 7 1 0 0 0 0 11
25 1 7 2 2 7 1 0 0 0 0 11
25 1 8 2 2 4 1 0 0 0 0 11
25 1 9 3 1 2 1 0 0 0 0 11
25 1 11 3 2 4 1 0 0 0 0 11
25 1 12 4 2 7 1 0 0 0 0 11
25 1 12 4 2 6 1 0 0 0 0 11
25 1 12 4 1 2 1 0 0 0 0 11
27 2 1 4 2 6 3 1 0 0 2 9
27 2 1 4 2 7 1 0 0 0 0 9
27 2 2 4 3 8 1 0 0 0 0 11
27 2 5 1 2 5 1 0 0 0 0 9
27 2 5 1 1 3 1 0 0 0 0 9
27 2 5 1 1 3 1 0 0 0 0 11
27 2 8 2 4 7 1 0 0 0 0 8
27 2 8 2 2 4 1 0 0 0 0 11
27 2 8 2 3 5 1 0 0 0 0 11
27 2 12 4 1 3 1 0 0 0 0 11
28 2 8 2 4 8 1 0 0 0 0 9
29 2 1 4 4 7 1 0 0 0 0 9
29 2 2 4 1 3 1 0 0 0 0 11
29 2 10 3 4 7 1 0 0 0 0 9
30 2 3 1 3 7 1 0 0 0 0 11
30 2 5 1 1 3 1 0 0 0 0 11
31 3 1 4 1 4 1 0 0 0 0 11
31 3 7 2 1 5 1 0 0 0 0 11
31 3 10 3 1 3 1 0 0 0 0 11
31 3 11 3 2 6 1 0 0 0 0 11
31 3 11 3 1 3 1 0 0 0 0 11
31 3 12 4 2 6 1 0 0 0 0 11
33 3 3 1 1 3 1 0 0 0 0 11
33 3 6 2 1 3 1 0 0 0 0 11
34 3 1 4 1 2 1 0 0 0 0 11
34 3 4 1 1 3 1 0 0 0 0 11
34 3 4 1 1 3 1 0 0 0 0 11
34 3 5 1 3 9 1 0 0 0 1 9
34 3 6 2 2 4 1 0 0 0 0 9
34 3 11 3 1 3 1 0 0 0 0 11
34 3 12 4 1 3 1 0 0 0 0 11
35 4 1 4 1 3 1 0 0 0 0 11
35 4 1 4 1 2 1 0 0 0 0 11
35 4 2 4 1 3 1 0 0 0 0 11
35 4 2 4 4 8 1 0 0 0 0 9
35 4 2 4 2 5 1 0 0 0 0 11
35 4 4 1 1 3 1 0 0 0 0 11
35 4 5 1 2 5 2 2 0 0 0 9
35 4 7 2 3 8 1 0 0 0 0 8
35 4 8 2 1 3 1 0 0 0 0 11
35 4 9 3 1 2 1 0 0 0 0 11
35 4 10 3 1 3 1 0 0 0 0 11
35 4 10 3 2 6 1 0 0 0 0 11
35 4 10 3 3 7 1 0 0 0 0 11
35 4 11 3 1 3 1 0 0 0 0 11
35 4 11 3 1 3 1 0 0 0 0 11
36 4 2 4 1 3 1 0 0 0 0 11
36 4 9 3 1 2 1 0 0 0 0 11
36 4 12 4 3 7 1 0 0 0 0 11
37 4 11 3 1 2 1 0 0 0 0 11
38 5 3 1 1 4 1 0 0 0 0 11
38 5 3 1 1 4 1 0 0 0 0 9
38 5 3 1 1 4 1 0 0 0 0 11
38 5 3 1 1 4 1 0 0 0 0 11
38 5 3 1 2 4 1 0 0 0 0 9
38 5 4 1 1 4 1 0 0 0 0 11
38 5 4 1 2 7 1 0 0 0 0 11
38 5 4 1 1 4 1 0 0 0 0 11
38 5 5 1 2 8 1 0 0 0 0 9
38 5 5 1 2 7 1 0 0 0 0 9
38 5 5 1 4 11 1 0 0 0 0 9
38 5 6 2 1 3 1 0 0 0 0 11
38 5 10 3 1 3 1 0 0 0 0 11
38 5 10 3 2 6 1 0 0 0 0 11
38 5 10 3 1 3 1 0 0 0 0 11
38 5 10 3 1 3 1 0 0 0 0 11
38 5 11 3 1 3 1 0 0 0 0 11
38 5 11 3 2 7 1 0 0 0 0 11
38 5 12 4 3 8 1 0 0 0 0 9
38 5 12 4 4 9 1 0 0 0 0 11
38 5 12 4 1 3 1 0 0 0 0 11
38 5 12 4 1 3 1 0 0 0 0 11
38 5 12 4 1 4 1 0 0 0 0 11
39 5 1 4 1 3 1 0 0 0 0 11
40 5 2 4 4 8 1 0 0 0 0 11
41 6 2 4 1 3 1 0 0 0 0 11
41 6 3 1 3 9 1 0 0 0 0 9
41 6 4 1 2 5 1 0 0 0 0 11
41 6 5 1 1 3 1 0 0 0 0 11
41 6 7 2 3 8 1 0 0 0 0 9
41 6 7 2 2 5 1 0 0 0 0 11
41 6 10 3 1 3 1 0 0 0 0 11
41 6 10 3 1 3 1 0 0 0 0 11
41 6 11 3 1 3 1 0 0 0 0 11
41 6 12 4 1 3 1 0 0 0 0 11
43 6 1 4 4 7 1 0 0 0 0 8
43 6 1 4 2 5 1 0 0 0 0 11
43 6 3 1 1 2 1 0 0 0 0 11
43 6 3 1 1 2 1 0 0 0 0 11
43 6 11 3 2 4 1 0 0 0 0 11
43 6 12 4 2 4 1 0 0 0 0 11
43 6 12 4 1 2 1 0 0 0 0 11
43 6 12 4 1 2 1 0 0 0 0 11
43 6 12 4 2 4 1 0 0 0 0 11
44 6 10 3 1 2 1 0 0 0 0 11
45 6 2 4 4 9 1 0 0 0 0 8
45 6 9 3 3 4 1 0 0 0 0 9
45 6 11 3 1 2 1 0 0 0 0 11
47 7 3 1 3 7 1 0 0 0 0 11
47 7 3 1 1 3 1 0 0 0 0 11
47 7 4 1 2 8 1 0 0 0 0 11
47 7 5 1 2 8 1 0 0 0 0 11
47 7 9 3 2 5 1 0 0 0 0 11
47 7 12 4 1 4 1 0 0 0 0 11
48 7 1 4 4 12 1 0 0 0 0 8
48 7 1 4 2 8 1 0 0 0 0 11
48 7 1 4 1 4 1 0 0 0 0 11
48 7 2 4 1 4 1 0 0 0 0 11
48 7 2 4 1 4 1 0 0 0 0 11
48 7 2 4 2 7 1 0 0 0 0 11
48 7 2 4 2 7 1 0 0 0 0 11
48 7 3 1 1 4 1 0 0 0 0 11
48 7 3 1 5 13 1 0 0 0 0 8
48 7 3 1 1 2 1 0 0 0 0 11
48 7 3 1 1 3 1 0 0 0 0 11
48 7 3 1 1 3 1 0 0 0 0 11
48 7 3 1 2 8 1 0 0 0 0 11
48 7 3 1 1 4 1 0 0 0 0 11
48 7 3 1 2 6 1 0 0 0 0 11
48 7 4 1 2 8 1 0 0 0 0 11
48 7 4 1 1 4 1 0 0 0 0 11
48 7 5 1 1 3 1 0 0 0 0 11
48 7 7 2 3 7 1 0 0 0 0 11
48 7 7 2 1 3 1 0 0 0 0 11
48 7 8 2 2 3 1 0 0 0 0 11
48 7 8 2 2 5 1 0 0 0 0 11
48 7 9 3 2 6 1 0 0 0 0 11
48 7 9 3 2 6 1 0 0 0 0 11
48 7 10 3 1 2 1 0 0 0 0 11
48 7 11 3 1 4 1 0 0 0 0 11
48 7 11 3 3 10 1 0 0 0 0 11
48 7 11 3 5 14 1 0 0 0 0 8
48 7 12 4 4 9 1 0 0 0 0 9
49 7 1 4 4 9 1 0 0 0 0 11
49 7 1 4 2 6 1 0 0 0 0 11
49 7 1 4 1 3 1 0 0 0 0 11
49 7 5 1 3 7 1 0 0 0 0 11
49 7 8 2 3 5 1 0 0 0 0 11
49 7 10 3 3 6 1 0 0 0 0 11
49 7 12 4 2 7 1 0 0 0 0 11
49 7 12 4 3 4 1 0 0 0 0 11
49 7 12 4 1 2 1 0 0 0 0 11
50 7 1 4 2 6 1 0 0 0 0 11
50 7 1 4 2 7 1 0 0 0 0 11
50 7 3 1 1 4 1 0 0 0 0 11
50 7 3 1 1 5 1 0 0 0 0 11
50 7 5 1 2 7 1 0 0 0 0 11
50 7 8 2 2 5 1 0 0 0 0 11
50 7 9 3 1 2 1 0 0 0 0 11
50 7 10 3 2 4 1 0 0 0 0 11
50 7 12 4 2 6 1 0 0 0 0 11
50 7 12 4 1 3 1 0 0 0 0 11
51 7 1 4 3 10 1 0 0 0 0 11
51 7 2 4 2 6 1 0 0 0 0 11
51 7 2 4 2 6 1 0 0 0 0 11
51 7 2 4 1 4 1 0 0 0 0 11
51 7 3 1 2 7 1 0 0 0 0 11
51 7 4 1 1 3 1 0 0 0 0 11
51 7 4 1 2 7 1 0 0 0 0 11
51 7 5 1 1 2 1 0 0 0 0 11
51 7 6 2 2 6 1 0 0 0 0 11
51 7 6 2 2 6 1 0 0 0 0 11
51 7 7 2 2 7 1 0 0 0 0 11
51 7 8 2 1 2 1 0 0 0 0 11
51 7 9 3 2 6 1 0 0 0 0 11
51 7 9 3 5 10 1 0 0 0 0 11
51 7 11 3 2 6 1 0 0 0 0 11
51 7 11 3 1 2 1 0 0 0 0 11
51 7 12 4 2 6 1 0 0 0 0 11
51 7 12 4 2 4 1 0 0 0 0 11
51 7 12 4 2 8 1 0 0 0 0 11
51 7 12 4 2 8 1 0 0 0 0 11
51 7 12 4 2 8 1 0 0 0 0 11
51 7 12 4 1 4 1 0 0 0 0 11
54 7 1 4 3 7 1 0 0 0 0 11
54 7 1 4 2 5 1 0 0 0 0 9
54 7 3 1 1 2 1 0 0 0 0 11
54 7 4 1 2 5 1 0 0 0 0 11
54 7 6 2 2 5 1 0 0 0 0 11
54 7 7 2 2 5 1 0 0 0 0 11
54 7 8 2 3 7 1 0 0 0 0 11
54 7 10 3 3 9 1 0 0 0 0 9
54 7 11 3 2 5 1 0 0 0 0 11
54 7 11 3 2 6 1 0 0 0 0 11
54 7 11 3 1 2 1 0 0 0 0 11
54 7 11 3 2 6 1 0 0 0 0 11
54 7 12 4 2 5 1 0 0 0 0 11
54 7 12 4 2 5 1 0 0 0 0 11
55 7 1 4 4 10 1 0 0 0 0 8
55 7 1 4 1 3 1 0 0 0 0 11
55 7 2 4 2 5 1 0 0 0 0 11
55 7 3 1 2 4 1 0 0 0 0 11
55 7 3 1 3 8 1 0 0 0 0 9
55 7 4 1 4 9 1 0 0 0 0 9
55 7 5 1 1 2 1 0 0 0 0 11
55 7 6 2 2 4 1 0 0 0 0 11
55 7 9 3 2 4 1 0 0 0 0 11
55 7 10 3 1 3 1 0 0 0 0 11
55 7 11 3 2 6 1 0 0 0 0 11
55 7 11 3 1 3 1 0 0 0 0 11
55 7 12 4 2 2 1 0 0 0 0 11
55 7 12 4 2 4 1 0 0 0 0 11
56 8 3 1 3 7 1 0 1 0 0 9
56 8 4 1 2 5 1 0 0 0 0 11
56 8 4 1 1 2 1 0 0 0 0 11
56 8 7 2 2 6 1 0 0 0 0 11
56 8 9 3 1 3 1 0 0 0 0 11
57 8 1 4 1 4 6 0 0 0 0 11
57 8 2 4 1 3 1 0 0 0 0 11
57 8 3 1 2 4 1 0 0 0 0 11
58 8 1 4 1 2 1 0 0 0 0 11
58 8 6 2 3 6 1 0 0 0 0 9
58 8 6 2 3 6 1 0 0 0 0 11
59 8 10 3 1 2 1 0 0 0 0 11
60 8 12 4 2 4 1 0 0 0 0 11
61 8 1 4 5 11 1 0 0 0 0 9
61 8 1 4 1 3 1 0 0 0 0 11
61 8 5 1 1 2 1 0 0 0 0 11
61 8 6 2 5 13 1 0 0 0 0 9
61 8 7 2 3 7 1 0 0 0 0 9
61 8 11 3 2 4 1 0 0 0 0 11
61 8 12 4 6 15 1 0 0 0 0 9
62 9 1 4 3 8 1 0 0 0 0 11
62 9 2 4 2 6 1 0 0 0 0 11
62 9 5 1 3 7 1 0 0 0 0 11
62 9 12 4 2 5 1 0 0 0 0 11
63 9 1 4 1 4 1 0 0 0 0 9
64 9 5 1 2 4 1 0 0 0 0 9
64 9 5 1 1 2 1 0 0 0 0 11
64 9 12 4 1 2 1 0 0 0 0 11
64 9 12 4 2 4 1 0 0 0 0 9
65 9 2 4 3 7 1 0 0 0 0 9
65 9 3 1 3 7 1 0 0 0 0 11
65 9 12 4 3 9 1 0 0 0 0 11
66 9 2 4 5 10 1 0 0 0 0 11
66 9 8 2 1 3 1 0 0 0 0 11
67 9 3 1 2 5 1 0 0 0 0 11
67 9 12 4 2 3 1 0 0 0 0 11
68 10 1 4 1 3 1 0 0 0 0 11
68 10 3 1 1 3 1 0 0 0 0 11
68 10 11 3 1 3 1 0 0 0 0 11
68 10 12 4 1 3 1 0 0 0 0 11
69 10 12 4 1 3 1 0 0 0 0 11
71 10 1 4 1 3 1 0 0 0 0 11
72 11 3 1 1 3 1 0 0 0 0 11
72 11 4 1 3 6 1 1 0 0 0 8
72 11 7 2 3 7 1 0 0 0 0 11
72 11 11 3 2 5 1 0 0 0 0 11
72 11 12 4 1 2 1 0 0 0 0 11
73 11 1 4 1 3 1 0 0 0 0 11
73 11 3 1 1 3 1 0 0 0 0 11
73 11 5 1 4 10 1 0 0 0 0 11
73 11 9 3 1 2 1 0 0 0 0 11
73 11 12 4 1 3 1 0 0 0 0 11
74 11 2 4 2 4 1 0 0 0 0 11
74 11 12 4 2 4 1 0 0 0 0 11
75 12 1 4 1 3 1 0 0 0 0 11
75 12 1 4 1 4 1 0 0 0 0 11
75 12 1 4 1 4 1 0 0 0 0 11
75 12 2 4 3 8 1 0 0 0 0 11
75 12 2 4 2 7 1 0 0 0 0 11
75 12 3 1 1 4 1 0 0 0 0 11
75 12 3 1 1 3 1 0 0 0 0 11
75 12 3 1 1 4 1 0 0 0 0 11
75 12 4 1 5 10 1 0 0 0 0 9
75 12 7 2 1 4 1 0 0 0 0 11
75 12 7 2 1 3 1 0 0 0 0 11
75 12 7 2 1 3 1 0 0 0 0 11
75 12 8 2 3 7 1 0 0 0 0 11
75 12 10 3 2 7 1 0 0 0 0 11
77 12 3 1 1 3 1 0 0 0 0 11
77 12 5 1 1 3 1 0 0 0 0 11
77 12 6 2 1 3 1 0 0 0 0 11
77 12 9 3 1 3 1 0 0 0 0 11
77 12 11 3 4 8 2 0 1 0 1 8
77 12 12 4 1 3 1 0 0 0 0 11
78 12 1 4 1 2 1 0 0 0 0 11
78 12 2 4 2 4 1 0 0 0 0 11
78 12 2 4 13 3 1 0 0 0 0 11
78 12 3 1 2 5 1 0 0 0 0 9
78 12 6 2 2 6 1 0 0 0 0 11
78 12 7 2 2 3 1 0 0 0 0 11
78 12 7 2 3 6 1 0 0 0 0 11
78 12 11 3 1 2 1 0 0 0 0 11
78 12 12 4 2 4 1 0 0 0 0 11
78 12 12 4 1 2 1 0 0 0 0 11
79 13 1 4 1 4 1 0 0 0 0 11
79 13 2 4 2 5 1 0 0 0 0 9
79 13 3 1 1 3 1 0 0 0 0 11
79 13 4 1 2 5 1 0 0 0 0 11
79 13 5 1 3 8 1 0 0 0 0 9
79 13 6 2 1 3 1 0 0 0 0 11
79 13 6 2 1 3 1 0 0 0 0 11
79 13 7 2 1 3 1 0 0 0 0 11
79 13 11 3 3 8 1 0 0 0 0 8
79 13 12 4 1 3 1 0 0 0 0 11
79 13 12 4 1 4 1 0 0 0 0 11
80 13 1 4 2 4 1 0 0 0 0 9
80 13 1 4 1 3 1 0 0 0 0 11
80 13 9 3 1 3 1 0 0 0 0 11
80 13 11 3 2 4 1 0 0 0 0 11
81 13 1 4 1 3 1 0 0 0 0 11
81 13 2 4 1 3 1 0 0 0 0 11
81 13 10 3 2 4 1 0 0 0 0 11
81 13 10 3 2 4 1 0 0 0 0 11
82 14 1 4 4 11 1 0 0 0 0 9
82 14 1 4 1 3 1 0 0 0 0 11
82 14 4 1 2 7 1 0 0 0 0 11
82 14 6 2 1 4 1 0 0 0 0 11
82 14 9 3 2 5 1 0 0 0 0 11
82 14 12 4 1 3 1 0 0 0 0 11
83 14 1 4 1 2 1 0 0 0 0 11
83 14 2 4 1 3 1 0 0 0 0 11
83 14 4 1 3 6 1 0 0 0 0 8
84 14 2 4 2 5 1 0 0 0 0 9
84 14 2 4 2 3 1 0 0 0 0 9
84 14 6 2 1 2 1 0 0 0 0 11
84 14 10 3 2 4 1 0 0 0 0 11
85 14 1 4 2 5 1 0 0 0 0 11
85 14 1 4 1 3 1 0 0 0 0 11
85 14 3 1 1 3 1 0 0 0 0 11
85 14 3 1 1 3 1 0 0 0 0 11
85 14 5 1 1 3 1 0 0 0 0 11
85 14 5 1 3 8 1 0 0 0 0 11
85 14 12 4 1 3 1 0 0 0 0 11
86 15 1 4 3 6 1 0 0 0 0 9
86 15 4 1 2 4 1 0 0 0 0 11
86 15 4 1 2 5 2 0 0 0 2 11
86 15 5 1 2 8 1 0 0 0 0 11
86 15 6 2 1 5 1 0 0 0 0 11
86 15 10 3 2 4 1 0 0 0 0 11
86 15 12 4 1 3 1 0 0 0 0 11
86 15 12 4 2 5 1 0 0 0 0 11
87 16 1 4 2 5 1 0 0 0 0 11
87 16 1 4 1 3 1 0 0 0 0 11
87 16 1 4 1 3 1 0 0 0 0 11
87 16 1 4 4 14 1 0 0 0 0 8
87 16 1 4 1 3 1 0 0 0 0 11
87 16 2 4 1 3 1 0 0 0 0 11
87 16 3 1 1 2 1 0 0 0 0 11
87 16 3 1 2 6 1 0 0 0 0 11
87 16 3 1 1 3 1 0 0 0 0 11
87 16 6 2 1 3 1 0 0 0 0 11
87 16 10 3 1 3 1 0 0 0 0 11
87 16 11 3 1 3 1 0 0 0 0 11
87 16 11 3 1 3 1 0 0 0 0 11
87 16 12 4 1 2 1 0 0 0 0 11
88 16 4 1 1 3 1 0 0 0 0 11
89 16 3 1 3 7 1 0 0 0 0 11
89 16 3 1 2 5 1 0 0 0 0 11
89 16 6 2 2 5 1 0 0 0 0 11
89 16 10 3 2 4 1 0 0 0 0 11
89 16 11 3 3 7 1 0 0 0 0 11
89 16 12 4 4 11 1 0 0 0 0 11
89 16 12 4 1 3 1 0 0 0 0 11
90 17 2 4 1 3 1 0 0 0 0 11
90 17 2 4 1 3 1 0 0 0 0 11
90 17 2 4 2 7 1 0 0 0 0 11
90 17 3 1 1 3 1 0 0 0 0 11
90 17 6 2 1 3 1 0 0 0 0 11
90 17 11 3 1 3 1 0 0 0 0 11
91 17 2 4 1 2 1 0 0 0 0 11
93 18 1 4 2 4 1 0 0 0 0 11
93 18 2 4 2 7 1 0 0 0 0 11
93 18 2 4 2 8 1 0 0 0 0 11
93 18 3 1 2 10 1 0 0 0 0 11
93 18 3 1 2 5 1 0 0 0 0 11
93 18 4 1 2 4 1 0 0 0 0 11
93 18 8 2 2 4 1 0 0 0 0 11
93 18 8 2 2 4 1 0 0 0 0 11
93 18 8 2 3 6 1 0 0 0 0 9
93 18 12 4 3 9 1 0 0 0 0 9
93 18 12 4 2 7 1 0 0 0 0 11
93 18 12 4 2 5 1 0 0 0 0 11
94 18 1 4 3 7 1 0 0 0 0 8
94 18 2 4 5 13 1 0 0 0 0 8
95 18 2 4 5 13 1 0 0 0 0 8
95 18 4 1 1 2 1 0 0 0 0 11
96 18 1 4 2 7 1 0 0 0 0 11
96 18 1 4 3 6 1 0 0 0 0 11
96 18 2 4 2 5 1 0 0 0 0 11
96 18 2 4 1 3 1 0 0 0 0 11
96 18 4 1 2 7 1 0 0 0 0 11
96 18 7 2 2 4 1 0 0 0 0 11
96 18 8 2 1 4 1 0 0 0 0 11
96 18 8 2 2 4 1 0 0 0 0 11
96 18 10 3 2 5 1 0 0 0 0 11
96 18 12 4 1 3 1 0 0 0 0 11
96 18 12 4 2 5 1 0 0 0 0 11
96 18 12 4 2 5 1 0 0 0 0 11
97 18 3 1 1 2 1 0 0 0 0 11
97 18 3 1 3 7 1 0 0 0 0 11
97 18 10 3 5 11 1 0 0 0 0 11
98 18 11 3 1 3 1 0 0 0 0 11
98 18 12 4 1 3 1 0 0 0 0 11
100 18 8 2 2 5 1 0 0 0 0 11
100 18 11 3 2 9 1 0 0 0 0 11
101 19 3 1 1 3 1 0 0 0 0 11
101 19 4 1 1 3 1 0 0 0 0 11
101 19 11 3 1 2 1 0 0 0 0 11
103 19 4 1 1 2 1 0 0 0 0 11
105 20 1 4 1 2 1 0 0 0 0 11
105 20 4 1 2 6 1 0 0 0 0 11
105 20 7 2 1 4 1 0 0 0 0 11
105 20 11 3 1 3 1 0 0 0 0 11
105 20 12 4 1 3 1 0 0 0 0 11
105 20 12 4 1 3 1 0 0 0 0 11
105 20 12 4 2 5 1 0 0 0 0 8
105 20 12 4 1 2 1 0 0 0 0 11
107 20 1 4 1 3 1 0 0 0 0 11
107 20 5 1 1 2 1 0 0 0 0 11
108 21 1 4 2 4 1 0 0 0 0 11
108 21 1 4 1 2 1 0 0 0 0 11
108 21 2 4 2 5 1 0 0 0 0 11
108 21 2 4 2 4 1 0 0 0 0 11
108 21 3 1 1 2 1 0 0 0 0 11
108 21 7 2 2 8 1 0 0 0 0 11
108 21 7 2 1 2 1 0 0 0 0 11
108 21 11 3 1 2 1 0 0 0 0 11
108 21 12 4 1 2 1 0 0 0 0 11
108 21 12 4 1 2 1 0 0 0 0 11
109 21 2 4 1 3 1 0 0 0 0 11
109 21 2 4 1 3 1 0 0 0 0 11
109 21 6 2 3 6 1 0 0 0 0 11
109 21 8 2 1 3 1 0 0 0 0 11
109 21 10 3 1 3 1 0 0 0 0 11
109 21 12 4 3 7 1 0 0 0 0 9
110 21 1 4 1 3 1 0 0 0 0 11
110 21 1 4 1 3 1 0 0 0 0 11
110 21 2 4 1 3 1 0 0 0 0 11
110 21 5 1 1 3 1 0 0 0 0 11
111 21 11 3 2 5 1 0 0 0 0 11
111 21 11 3 1 4 1 0 0 0 0 11
111 21 12 4 3 6 1 0 0 0 0 11
112 22 3 1 2 4 1 0 0 0 0 11
113 22 5 1 1 2 1 0 0 0 0 11
115 22 1 4 2 6 1 0 0 0 0 8
115 22 1 4 1 3 1 0 0 0 0 11
115 22 1 4 2 6 1 0 0 0 0 11
115 22 1 4 1 3 1 0 0 0 0 11
115 22 1 4 1 4 1 0 0 0 0 11
115 22 1 4 1 3 1 0 0 0 0 11
115 22 1 4 1 2 1 0 0 0 0 11
115 22 1 4 2 5 1 0 0 0 0 11
115 22 2 4 1 4 1 0 0 0 0 11
115 22 2 4 1 4 1 0 0 0 0 11
115 22 2 4 1 3 1 0 0 0 0 11
115 22 2 4 1 3 1 0 0 0 0 11
115 22 2 4 1 4 1 0 0 0 0 11
115 22 2 4 1 3 1 0 0 0 0 11
115 22 3 1 1 3 1 0 0 0 0 11
115 22 3 1 1 2 1 0 0 0 0 11
115 22 3 1 2 6 1 0 0 0 0 9
115 22 3 1 1 2 1 0 0 0 0 11
115 22 4 1 2 6 1 0 0 0 0 11
115 22 6 2 2 5 1 0 0 0 0 11
115 22 6 2 2 6 1 0 0 0 0 11
115 22 6 2 2 7 1 0 0 0 0 11
115 22 7 2 1 5 1 0 0 0 0 11
116 22 5 1 1 3 1 0 0 0 0 11
116 22 7 2 2 5 1 0 0 0 0 11
117 22 1 4 3 5 1 0 0 0 0 11
117 22 2 4 1 3 1 0 0 0 0 11
117 22 2 4 1 3 1 0 0 0 0 11
117 22 5 1 1 3 1 0 0 0 0 11
117 22 6 2 1 2 1 0 0 0 0 11
117 22 6 2 1 2 1 0 0 0 0 11
117 22 6 2 1 3 1 0 0 0 0 11
117 22 6 2 1 2 1 0 0 0 0 11
117 22 9 3 1 3 1 0 0 0 0 11
117 22 10 3 1 3 1 0 0 0 0 11
118 23 1 4 1 3 1 0 0 0 0 11
118 23 1 4 1 4 1 0 0 0 0 11
118 23 2 4 2 4 1 0 0 0 0 11
118 23 2 4 3 9 1 0 0 0 0 11
118 23 2 4 2 5 1 0 0 0 0 11
118 23 3 1 2 5 1 0 0 0 0 11
118 23 3 1 1 2 1 0 0 0 0 11
118 23 3 1 3 7 1 0 0 0 0 11
118 23 4 1 1 3 1 0 0 0 0 11
118 23 4 1 2 6 1 0 0 0 0 11
118 23 4 1 2 6 1 0 0 0 0 8
118 23 4 1 3 10 3 0 0 0 3 11
118 23 5 1 2 6 1 0 0 0 0 11
118 23 8 2 3 7 1 0 0 0 0 11
118 23 11 3 3 8 1 0 0 0 0 11
118 23 12 4 2 6 1 0 0 0 0 11
118 23 12 4 4 9 1 0 0 0 0 11
118 23 12 4 2 6 1 0 0 0 0 11
118 23 12 4 2 6 1 0 0 0 0 11
118 23 12 4 2 4 1 0 0 0 0 11
119 23 12 4 3 5 1 0 0 0 0 11
119 23 12 4 1 2 1 0 0 0 0 11
120 23 1 4 1 3 1 0 0 0 0 11
120 23 7 2 1 4 1 0 0 0 0 11
120 23 7 2 1 3 1 0 0 0 0 11
121 23 3 1 2 4 1 0 0 0 0 11
121 23 7 2 2 4 1 0 0 0 0 11
125 24 2 4 1 4 1 0 0 0 0 11
125 24 2 4 2 6 1 0 0 0 0 11
125 24 3 1 2 8 1 0 0 0 0 9
125 24 4 1 1 4 1 0 0 0 0 11
125 24 6 2 1 3 1 0 0 0 0 11
125 24 6 2 2 7 1 0 0 0 0 11
125 24 8 2 2 6 1 0 0 0 0 11
125 24 10 3 1 3 1 0 0 0 0 11
125 24 11 3 1 3 1 0 0 0 1 11
125 24 11 3 3 8 1 0 0 0 0 8
125 24 11 3 1 4 1 0 0 0 0 11
125 24 12 4 1 4 1 0 0 0 0 11
126 24 1 4 1 4 1 0 0 0 0 11
126 24 12 4 1 5 1 0 0 0 0 11
126 24 12 4 1 3 1 0 0 0 0 11
127 24 4 1 1 2 1 0 0 0 0 11
128 24 3 1 1 3 1 0 0 0 0 11
129 25 1 4 1 3 1 0 0 0 0 11
129 25 1 4 1 3 1 0 0 0 0 11
129 25 1 4 1 3 1 0 0 0 0 11
129 25 3 1 1 3 1 0 0 0 0 11
129 25 5 1 1 6 1 0 0 0 0 11
129 25 7 2 3 8 1 0 0 0 0 9
129 25 7 2 2 5 1 0 0 0 0 11
129 25 8 2 2 5 1 0 0 0 0 9
129 25 8 2 1 2 1 0 0 0 0 11
129 25 11 3 1 4 1 0 0 0 0 11
129 25 11 3 1 3 1 0 0 0 0 11
129 25 12 4 2 5 1 0 0 0 0 9
129 25 12 4 1 3 1 0 0 0 0 11
130 25 1 4 1 2 1 0 0 0 0 11
130 25 1 4 1 2 1 0 0 0 0 11
130 25 1 4 1 2 1 0 0 0 0 11
130 25 3 1 1 3 1 0 0 0 0 11
130 25 6 2 2 4 1 0 0 0 0 9
130 25 11 3 1 2 1 0 0 0 0 11
130 25 12 4 1 2 1 0 0 0 0 11
131 25 2 4 1 2 1 0 0 0 0 11
131 25 2 4 1 3 1 0 0 0 0 11
131 25 12 4 1 3 1 0 0 0 0 11
132 25 3 1 2 3 1 0 0 0 0 11
132 25 7 2 1 2 1 0 0 0 0 11
132 25 8 2 2 4 1 0 0 0 0 11
132 25 9 3 3 7 1 0 0 0 0 11
132 25 10 3 1 2 1 0 0 0 0 11
132 25 12 4 1 3 1 0 0 0 0 11
133 26 1 4 2 5 1 0 0 0 0 11
133 26 2 4 1 2 1 0 0 0 0 11
133 26 2 4 2 6 1 0 0 0 0 11
133 26 3 1 1 2 1 0 0 0 0 11
133 26 11 3 1 3 1 0 0 0 0 11
135 26 1 4 1 3 1 0 0 0 0 11
135 26 2 4 1 3 1 0 0 0 0 11
135 26 3 1 2 5 1 0 0 0 0 11
135 26 3 1 1 3 1 0 0 0 0 11
135 26 3 1 3 7 1 0 0 0 0 11
135 26 3 1 1 4 1 0 0 0 0 11
135 26 8 2 2 5 1 0 0 0 0 11
135 26 12 4 1 3 1 0 0 0 0 11
135 26 12 4 1 3 1 0 0 0 0 11
135 26 12 4 3 7 1 0 0 0 0 11
135 26 12 4 1 3 1 0 0 0 0 11
136 26 3 1 2 4 1 0 0 0 0 11
136 26 4 1 1 2 1 0 0 0 0 11
136 26 4 1 2 4 1 0 0 0 0 11
136 26 8 2 1 2 1 0 0 0 0 11
137 26 1 4 1 3 1 0 0 0 0 11
137 26 1 4 2 5 1 0 0 0 0 11
137 26 1 4 2 5 1 0 0 0 0 11
137 26 2 4 1 3 1 0 0 0 0 11
137 26 2 4 1 2 1 0 0 0 0 11
137 26 2 4 1 4 1 0 0 0 0 11
137 26 2 4 2 5 1 0 0 0 0 11
137 26 2 4 1 3 1 0 0 0 0 11
137 26 2 4 1 5 1 0 0 0 0 11
137 26 3 1 1 3 1 0 0 0 0 11
137 26 4 1 2 5 1 0 0 0 0 11
137 26 4 1 1 4 1 0 0 0 0 11
137 26 4 1 2 4 1 0 0 0 0 11
137 26 5 1 1 3 1 0 0 0 0 11
137 26 8 2 2 5 1 0 0 0 0 11
137 26 8 2 2 5 1 0 0 0 0 11
137 26 9 3 2 5 1 0 0 0 0 11
137 26 11 3 1 2 1 0 0 0 0 11
137 26 11 3 1 2 1 0 0 0 0 11
137 26 11 3 1 3 1 0 0 0 0 11
137 26 12 4 1 2 1 0 0 0 0 11
137 26 12 4 1 3 1 0 0 0 0 11
138 26 4 1 2 4 1 0 0 0 0 11
138 26 5 1 3 7 1 0 0 0 0 9
138 26 12 4 2 5 1 0 0 0 0 11
139 26 7 2 1 2 1 0 0 0 0 11
140 27 2 4 2 4 1 0 0 0 0 11
140 27 4 1 4 10 1 0 0 0 0 11
140 27 6 2 1 2 1 0 0 0 0 11
140 27 6 2 2 5 1 0 0 0 0 11
140 27 9 3 5 10 1 0 0 0 0 9
140 27 12 4 2 5 1 0 0 0 0 11
141 27 1 4 1 4 1 0 0 0 0 11
141 27 1 4 1 2 1 0 0 0 0 11
141 27 1 4 1 4 1 0 0 0 0 11
141 27 5 1 1 3 1 0 0 0 0 11
141 27 9 3 5 11 1 0 0 0 0 11
141 27 10 3 2 6 1 0 0 0 0 11
141 27 11 3 1 3 1 0 0 0 0 11
141 27 11 3 2 6 1 0 0 0 0 11
141 27 11 3 2 5 1 0 0 0 0 11
141 27 12 4 1 3 1 0 0 0 0 11
142 27 2 4 2 6 1 0 0 0 0 11
142 27 7 2 2 3 1 0 0 0 0 11
142 27 7 2 3 6 1 0 0 0 0 9
142 27 12 4 4 8 1 0 0 0 0 11
144 27 2 4 2 4 1 0 0 0 0 11
144 27 4 1 1 3 1 0 0 0 0 11
144 27 10 3 1 2 1 0 0 0 0 11
144 27 11 3 1 2 1 0 0 0 0 11
144 27 12 4 2 4 1 0 0 0 0 11
145 28 1 4 5 8 1 0 0 0 0 9
145 28 4 1 2 5 1 0 0 0 0 11
145 28 8 2 2 5 1 0 0 0 0 11
145 28 10 3 3 7 1 0 0 0 0 11
145 28 11 3 3 9 1 0 0 0 0 8
145 28 12 4 2 6 1 0 0 0 0 11
146 28 1 4 3 6 1 0 0 0 0 11
146 28 1 4 3 6 1 0 0 0 0 11
146 28 10 3 1 3 1 0 0 0 0 11
146 28 10 3 2 5 1 0 0 0 0 11
147 28 7 2 3 6 1 0 0 0 0 11
147 28 12 4 5 12 1 0 0 0 0 9
148 28 10 3 3 8 1 0 0 0 0 9
148 28 11 3 2 5 1 0 0 0 0 11
148 28 11 3 3 7 1 0 0 0 0 9
149 28 1 4 2 5 1 0 0 0 0 11
149 28 1 4 4 6 1 0 0 0 0 8
149 28 2 4 1 3 1 0 0 0 0 11
149 28 2 4 1 2 1 0 0 0 0 11
149 28 3 1 2 4 1 0 0 0 0 11
149 28 4 1 2 4 1 0 0 0 0 11
149 28 5 1 2 6 1 0 0 0 0 11
149 28 6 2 2 4 1 0 0 0 0 11
149 28 8 2 4 5 1 0 0 0 0 11
149 28 12 4 2 4 1 0 0 0 0 11
149 28 12 4 2 6 1 0 0 0 0 11
150 29 1 4 1 4 1 0 0 0 0 11
150 29 2 4 2 6 1 0 0 0 0 11
150 29 3 1 2 6 1 0 0 0 0 11
150 29 4 1 2 4 1 0 0 0 0 11
150 29 4 1 1 2 1 0 0 0 0 11
150 29 4 1 2 6 1 0 0 0 0 11
150 29 4 1 2 4 1 0 0 0 0 11
150 29 8 2 5 10 1 0 0 0 0 9
150 29 10 3 2 4 1 0 0 0 0 11
150 29 11 3 3 5 1 0 0 0 0 11
151 29 3 1 1 3 1 0 0 0 0 11
152 29 1 4 1 2 1 0 0 0 0 11
154 29 1 4 3 6 1 0 0 0 0 9
154 29 1 4 3 6 1 0 0 0 0 11
154 29 9 3 2 8 1 0 0 0 0 11
154 29 11 3 4 9 1 0 0 0 0 11
155 29 6 2 2 3 1 0 0 0 0 8
156 30 1 4 2 7 1 0 0 0 0 11
156 30 3 1 2 5 1 0 0 0 0 11
156 30 3 1 1 3 1 0 0 0 0 11
156 30 5 1 2 6 1 0 0 0 0 11
156 30 8 2 3 6 1 0 0 0 0 11
156 30 11 3 2 6 1 0 0 0 0 11
156 30 11 3 1 3 1 0 0 0 0 11
156 30 11 3 2 5 1 0 0 0 0 11
156 30 12 4 2 5 1 0 0 0 0 11
157 30 12 4 2 5 1 0 0 0 0 11
158 30 4 1 3 5 1 0 0 0 0 11
158 30 10 3 1 2 1 0 0 0 0 11
159 30 3 1 2 4 1 0 0 0 0 11
159 30 4 1 1 3 1 0 0 0 0 11
159 30 8 2 1 2 1 0 0 0 0 11
159 30 10 3 1 3 1 0 0 0 0 11
159 30 11 3 2 4 1 0 0 0 0 11
160 30 1 4 2 4 1 0 0 0 0 11
160 30 3 1 1 3 1 0 0 0 0 11
160 30 4 1 2 3 1 0 0 0 0 11
160 30 11 3 1 2 1 0 0 0 0 11
161 31 1 4 1 3 1 0 0 0 0 11
161 31 1 4 1 3 1 0 0 0 0 11
161 31 3 1 2 4 1 0 0 0 0 11
161 31 4 1 3 8 1 0 0 0 0 11
161 31 7 2 1 2 1 0 0 0 0 11
161 31 12 4 3 8 1 0 0 0 0 11
162 31 11 3 2 4 1 0 0 0 0 9
163 1 8 2 2 4 1 0 0 0 0 9
165 31 4 1 1 2 1 0 0 0 0 11
165 31 12 4 2 4 1 0 0 0 0 11
168 32 3 1 2 5 1 0 0 0 0 11
168 32 5 1 2 4 1 0 0 0 0 11
168 32 7 2 1 2 1 0 0 0 0 11
169 32 9 3 4 7 1 0 0 0 0 11
172 32 1 4 1 3 1 0 0 0 0 11
172 32 2 4 3 7 1 0 0 0 0 11
172 32 2 4 2 5 1 0 0 0 0 11
172 32 3 1 2 5 1 0 0 0 0 11
172 32 4 1 3 7 1 0 0 0 0 11
172 32 6 2 2 5 1 0 0 0 0 11
172 32 12 4 1 2 1 0 0 0 0 11
173 33 1 4 1 2 1 0 0 0 0 11
173 33 2 4 1 3 1 0 0 0 0 11
173 33 5 1 3 6 1 0 0 0 0 11
173 33 5 1 2 5 1 0 0 0 0 11
173 33 5 1 4 9 1 0 0 0 0 9
173 33 8 2 2 4 1 0 0 0 0 11
173 33 8 2 1 3 1 0 0 0 0 11
173 33 8 2 2 4 1 0 0 0 0 11
173 33 10 3 2 5 1 0 0 0 0 8
173 33 11 3 1 2 1 0 0 0 0 11
173 33 12 4 1 3 1 0 0 0 0 11
173 33 12 4 2 4 1 0 0 0 0 11
174 33 1 4 3 7 1 0 0 0 0 9
174 33 2 4 3 7 1 0 0 0 0 9
174 33 6 2 2 4 1 0 0 0 0 11
176 33 12 4 1 3 1 0 0 0 0 11
177 33 1 4 1 3 1 0 0 0 0 11
177 33 1 4 3 7 1 0 0 0 0 9
179 34 2 4 1 2 1 0 0 0 0 11
179 34 4 1 1 3 1 0 0 0 0 11
180 34 2 4 2 5 1 0 0 0 0 11
181 34 12 4 3 5 1 0 0 0 0 9
182 34 3 1 1 2 1 0 0 0 0 11
183 34 11 3 2 5 1 0 0 0 0 11
184 34 5 1 2 4 1 0 0 0 0 11
184 34 9 3 1 2 1 0 0 0 0 11
184 34 12 4 2 4 1 0 0 0 0 11
187 34 2 4 3 7 1 0 0 0 0 11
187 34 7 2 3 7 1 0 0 0 0 11
187 34 10 3 1 3 1 0 0 0 0 11
187 34 11 3 1 3 1 0 0 0 0 11
187 34 12 4 1 3 1 0 0 0 0 11
188 35 3 1 1 3 1 0 0 0 0 11
190 36 1 4 1 2 1 0 0 0 0 11
190 36 1 4 1 3 1 0 0 0 0 11
190 36 2 4 1 2 1 0 0 0 0 11
190 36 2 4 1 2 1 0 0 0 0 11
190 36 3 1 1 2 1 0 0 0 0 11
190 36 10 3 1 2 1 0 0 0 0 11
190 36 11 3 1 2 1 0 0 0 0 11
190 36 11 3 1 2 1 0 0 0 0 11
191 36 1 4 2 4 1 0 0 0 0 11
191 36 1 4 2 4 1 0 0 0 0 11
191 36 3 1 1 2 1 0 0 0 0 11
192 36 2 4 1 2 1 0 0 0 0 11
192 36 3 1 2 4 1 0 0 0 0 11
192 36 8 2 2 6 1 0 0 0 0 11
193 37 1 4 1 3 1 0 0 0 0 11
193 37 3 1 2 4 1 0 0 0 0 11
193 37 4 1 1 3 1 0 0 0 0 11
193 37 4 1 1 3 1 0 0 0 0 11
194 37 3 1 1 2 1 0 0 0 0 11
194 37 4 1 1 2 1 0 0 0 0 11
194 37 4 1 1 3 1 0 0 0 0 9
195 37 9 3 2 4 1 0 0 0 0 8
197 38 1 4 2 5 1 0 0 0 0 11
197 38 2 4 2 5 1 0 0 0 0 11
197 38 2 4 2 8 1 0 0 0 0 11
197 38 3 1 2 8 1 0 0 0 0 11
197 38 6 2 2 5 1 0 0 0 0 11
197 38 7 2 3 6 1 0 0 0 0 11
197 38 8 2 3 6 1 0 0 0 0 11
197 38 8 2 2 5 1 0 0 0 0 11
197 38 11 3 2 5 1 0 0 0 0 9
197 38 11 3 2 6 1 0 0 0 0 11
197 38 12 4 1 2 1 0 0 0 0 11
198 38 12 4 4 8 1 0 0 0 0 11
199 38 8 2 1 2 1 0 0 0 0 11
202 38 6 2 3 6 1 0 0 0 0 9
202 38 11 3 4 8 1 0 0 0 0 11
202 38 12 4 2 4 1 0 0 0 0 11
204 38 3 1 4 7 1 0 0 0 0 11
204 38 9 3 2 3 1 0 0 0 0 11
205 39 1 4 1 1 1 0 0 0 0 11
205 39 5 1 1 1 1 0 0 0 0 11
206 39 1 4 2 4 1 0 0 0 0 11
206 39 2 4 1 3 1 0 0 0 0 11
208 39 7 2 2 6 1 0 0 0 0 11
208 39 11 3 2 4 1 0 0 0 0 11
208 39 12 4 1 2 1 0 0 0 0 11
209 39 12 4 1 2 1 0 0 0 0 11
211 40 1 4 2 7 1 0 0 0 0 11
211 40 4 1 1 5 1 0 0 0 0 11
211 40 6 2 2 5 1 0 1 0 0 9
211 40 7 2 3 6 1 0 0 0 0 11
211 40 12 4 4 7 1 0 0 0 0 8
214 40 3 1 1 2 1 0 0 0 0 11
214 40 3 1 0 2 1 0 0 0 0 11
216 40 7 2 3 8 1 0 0 0 0 11
217 41 2 4 2 6 1 0 0 0 0 11
217 41 5 1 2 6 1 0 0 0 0 11
217 41 7 2 1 2 1 0 0 0 0 11
217 41 8 2 1 2 1 0 0 0 0 11
217 41 8 2 2 4 1 0 0 0 0 11
217 41 9 3 4 8 1 0 0 0 0 11
217 41 10 3 1 3 1 0 0 0 0 11
217 41 10 3 1 2 1 0 0 0 0 11
217 41 12 4 1 4 1 0 0 0 0 11
217 41 12 4 1 5 1 0 0 0 0 11
218 41 2 4 2 5 1 0 0 0 0 11
218 41 4 1 1 3 1 0 0 0 0 9
218 41 6 2 2 4 1 0 0 0 0 11
218 41 6 2 3 6 1 0 0 0 0 9
218 41 7 2 2 4 1 0 0 0 0 11
218 41 8 2 1 2 1 0 0 0 0 9
218 41 8 2 2 4 1 0 0 0 0 11
218 41 9 3 2 3 1 0 0 0 0 11
218 41 9 3 1 2 1 0 0 0 0 9
218 41 11 3 1 2 1 0 0 0 0 11
218 41 12 4 2 4 1 0 0 0 0 11
219 41 1 4 1 3 1 0 0 0 0 9
219 41 3 1 1 3 1 0 0 0 0 11
219 41 9 3 1 2 1 0 0 0 0 11
220 41 4 1 3 8 1 0 0 0 0 8
220 41 5 1 1 3 1 0 0 0 0 11
220 41 11 3 1 4 1 0 0 0 0 11
221 41 7 2 2 5 1 0 0 0 0 11
222 42 1 4 2 5 1 0 0 0 0 11
222 42 3 1 2 7 1 0 0 0 0 11
222 42 3 1 2 4 1 0 0 0 0 11
222 42 8 2 2 4 1 0 0 0 0 11
222 42 12 4 2 5 1 0 0 0 0 8
224 42 1 4 3 6 1 0 0 0 0 9
224 42 12 4 1 3 1 0 0 0 0 11
225 43 1 4 3 8 1 0 0 0 0 11
225 43 1 4 3 10 1 0 0 0 0 9
225 43 2 4 1 4 1 0 0 0 0 11
225 43 2 4 1 2 1 0 0 0 0 11
225 43 7 2 2 4 1 0 0 0 0 11
225 43 7 2 2 4 1 0 0 0 0 9
225 43 11 3 1 2 1 0 0 0 0 11
225 43 11 3 1 2 1 0 0 0 0 11
225 43 12 4 3 6 1 0 0 0 0 11
227 43 3 1 1 2 1 0 0 0 0 11
227 43 6 2 3 6 1 0 0 0 0 9
227 43 7 2 1 2 1 0 0 0 0 11
227 43 7 2 3 6 1 0 0 0 0 9
227 43 12 4 3 6 1 0 0 0 0 11
228 43 8 2 3 6 1 0 0 0 0 9
230 44 2 4 1 2 1 0 0 0 0 11
230 44 3 1 1 3 1 0 0 0 0 11
230 44 9 3 2 5 1 0 0 0 0 11
230 44 11 3 1 3 1 0 0 0 0 11
230 44 11 3 1 2 1 0 0 0 0 11
231 44 1 4 1 2 1 0 0 0 0 11
231 44 2 4 1 2 1 0 0 0 0 11
231 44 2 4 1 2 1 0 0 0 0 11
231 44 11 3 2 2 1 0 0 0 0 11
232 44 1 4 1 2 1 0 0 0 0 11
232 44 3 1 4 9 1 0 0 0 0 11
232 44 7 2 1 2 1 0 0 0 0 11
235 44 1 4 1 3 1 0 0 0 0 11
235 44 1 4 4 15 1 0 0 0 0 9
235 44 2 4 2 6 1 0 0 0 0 11
235 44 2 4 1 3 1 0 0 0 0 11
235 44 3 1 2 6 1 0 0 0 0 11
235 44 4 1 2 5 1 0 0 0 0 11
235 44 4 1 1 3 1 0 0 0 0 11
235 44 5 1 1 3 1 0 0 0 0 11
235 44 5 1 1 3 1 0 0 0 0 11
235 44 6 2 1 3 1 0 0 0 0 11
235 44 7 2 2 7 1 0 0 0 0 11
235 44 7 2 1 3 1 0 0 0 0 11
235 44 8 2 2 5 1 0 0 0 0 11
235 44 9 3 2 7 1 0 0 0 0 11
235 44 10 3 2 7 1 0 0 0 0 11
235 44 12 4 1 3 1 0 0 0 0 11
236 44 7 2 2 6 1 0 0 0 0 9
236 44 10 3 2 5 1 0 0 0 0 9
238 45 2 4 2 3 1 0 0 0 0 11
238 45 6 2 3 6 1 0 0 0 0 11
238 45 8 2 2 4 1 0 0 0 0 11
238 45 9 3 2 4 1 0 0 0 0 9
240 45 1 4 2 7 1 0 0 0 0 11
240 45 1 4 1 4 1 0 0 0 0 11
240 45 4 1 1 3 1 0 0 0 0 11
240 45 4 1 2 5 1 0 0 0 0 8
240 45 6 2 2 6 1 0 0 0 0 11
240 45 7 2 5 13 1 0 0 0 0 8
240 45 7 2 2 5 1 0 0 0 0 11
240 45 12 4 2 5 1 0 0 0 0 11
241 45 5 1 1 2 1 0 0 0 0 11
241 45 12 4 1 2 1 0 0 0 0 11
243 46 4 1 1 5 1 0 0 0 0 11
243 46 8 2 1 3 1 0 0 0 0 11
243 46 10 3 1 3 1 0 0 0 0 11
244 46 7 2 2 5 1 0 0 0 0 9
246 46 3 1 2 6 1 0 0 0 0 9
249 47 12 4 2 5 1 0 0 0 0 11
251 47 12 4 1 2 1 0 0 0 0 11
252 47 9 3 3 6 1 0 0 0 0 11
253 48 1 4 1 3 1 0 0 0 0 11
254 48 4 1 1 2 1 0 0 0 0 11
254 48 6 2 1 3 1 0 0 0 0 11
254 48 8 2 3 6 1 0 0 0 0 8
254 48 8 2 3 5 1 0 0 0 0 9
254 48 12 4 1 2 1 0 0 0 0 11
255 48 4 1 1 2 1 0 0 0 0 11
256 48 1 4 2 5 1 0 0 0 0 11
256 48 6 2 1 2 1 0 0 0 0 11
256 48 9 3 3 7 1 0 0 0 0 11
256 48 9 3 2 4 1 0 0 0 0 11
256 48 11 3 5 9 1 0 0 0 0 11
256 48 11 3 5 13 1 0 0 0 0 9
256 48 12 4 2 5 1 0 0 0 0 9
256 48 12 4 1 2 1 0 0 0 0 11
258 49 1 4 2 5 1 0 0 0 0 11
258 49 3 1 2 4 1 0 0 0 0 11
258 49 10 3 2 5 1 0 0 0 0 11
259 49 6 2 3 7 1 0 0 0 0 9
260 50 6 2 2 4 1 0 0 0 0 11
260 50 10 3 1 2 1 0 0 0 0 11
260 50 11 3 1 3 1 0 0 0 0 11
260 50 12 4 4 8 1 0 1 0 0 8
260 50 12 4 3 8 1 0 0 0 0 11
260 50 12 4 2 5 1 0 0 0 0 11
264 51 1 4 2 4 1 0 0 0 0 11
264 51 3 1 1 2 1 0 0 0 0 11
264 51 7 2 3 6 1 0 0 0 0 9
264 51 10 3 1 3 1 0 0 0 0 11
264 51 11 3 1 4 1 0 0 0 0 11
265 51 2 4 2 6 1 0 0 0 0 11
