14
1029
0.381818 2 0 2 1 2 3 0 3 849.466 0.668538 0.618043 9 2.22222 1
0.381818 2 0 0 0 6 4 0 3 4529.19 0.671004 0.575468 2 2.5 1
0.381818 2 0 0 1 7 3 3 3 1640.53 0.0262221 0.517221 10 2.5 2
0.381818 2 0 3 0 1 1 0 2 1561.51 0.312079 0.312079 1 2 1
0.381818 1 2 2 1 7 3 0 3 2728.82 0.164944 0.566994 12 2.16667 1
0.381818 1 2 2 0 12 5 0 2 278.765 0.438895 0.438895 1 2 1
0.381818 1 2 1 0 7 3 0 2 3466.65 0.243621 0.243621 1 2 1
0.381818 1 2 3 0 4 3 0 0 0 0 0 0 0 1
0.381818 1 1 2 0 5 3 0 3 135.479 0.968844 0.937311 2 2.5 1
0.381818 1 1 0 0 9 2 0 0 0 0 0 0 0 1
0.381818 1 0 0 0 1 1 0 0 0 0 0 0 0 1
0.381818 1 0 3 0 19 5 0 0 0 0 0 0 0 2
0.381818 1 0 0 0 5 3 0 2 74.9542 0.9554 0.916966 2 2 1
0.381818 1 0 2 0 1 1 0 0 0 0 0 0 0 1
0.381818 1 0 0 1 15 7 0 0 0 0 0 0 0 2
0.381818 1 0 3 0 11 5 0 2 0.640278 0.387209 0.387209 1 2 1
0.381818 1 0 0 0 7 3 0 0 0 0 0 0 0 1
0.381818 1 0 1 0 19 5 1 3 1448.21 0.897644 0.856893 3 2.33333 1
0.381818 1 0 0 0 1 1 0 2 1635.04 0.451184 0.565376 2 2 1
0.381818 1 0 0 0 19 5 0 0 0 0 0 0 0 2
0.381818 1 0 3 1 19 5 0 0 0 0 0 0 0 2
0.381818 1 2 2 0 7 3 0 0 0 0 0 0 0 1
0.381818 1 2 2 0 19 5 0 2 1608.66 0.693413 0.690738 3 2 2
0.381818 1 2 0 0 19 5 1 3 1173.86 0.228497 0.566894 9 2.22222 1
0.381818 1 2 0 0 19 5 0 0 0 0 0 0 0 2
0.381818 1 2 2 0 19 5 1 0 0 0 0 0 0 1
0.381818 1 2 2 0 1 1 0 2 4532.03 0.771807 0.771807 1 2 1
0.381818 1 2 0 0 1 1 0 0 0 0 0 0 0 1
0.381818 1 2 2 0 1 1 0 3 2924.23 0.94309 0.671843 2 3 1
0.381818 1 2 2 0 1 1 0 0 0 0 0 0 0 1
0.381818 1 2 1 0 1 1 0 0 0 0 0 0 0 1
0.381818 1 2 1 0 1 1 0 2 1957.83 0.965602 0.965602 1 2 1
0.381818 1 2 2 0 1 1 0 0 0 0 0 0 0 1
0.381818 1 1 3 0 1 1 0 2 2420.94 0.540551 0.540551 1 2 1
0.381818 1 1 3 0 7 3 0 0 0 0 0 0 0 1
0.381818 1 1 3 0 1 1 0 0 0 0 0 0 0 1
0.381818 1 0 0 0 5 3 0 2 534.913 0.407087 0.407087 1 2 1
0.381818 1 0 3 0 3 2 0 2 69.4826 0.389234 0.389234 1 2 1
0.381818 1 0 3 0 11 5 0 2 258.424 0.439768 0.439768 1 2 1
0.381818 1 0 3 0 2 3 0 0 0 0 0 0 0 1
0.381818 1 0 2 0 3 2 0 2 168.221 0.324389 0.521859 3 2 1
0.381818 1 2 0 0 6 4 0 3 2413.83 0.444156 0.705188 6 2.33333 1
0.381818 1 2 2 0 7 3 2 2 229.188 0.807531 0.783509 2 2 1
0.381818 1 2 3 0 5 3 4 3 2885.95 0.948129 0.584656 6 2.16667 1
0.381818 1 2 3 0 7 3 1 3 4197.9 0.314387 0.62236 7 2.14286 1
0.381818 1 1 0 0 8 2 0 2 615.717 0.870736 0.737787 2 2 1
0.381818 1 1 2 0 8 2 0 2 1775.07 0.837394 0.815875 2 2 1
0.381818 1 1 2 0 3 2 0 4 2135.59 0.793891 0.697854 5 2.6 1
0.381818 1 1 0 0 1 1 0 2 10.9 0.655008 0.753294 7 2 1
0.381818 1 0 0 0 1 1 0 3 4253.09 0.805247 0.821362 2 2.5 2
0.381818 1 0 0 0 1 1 0 3 1641.36 0.835352 0.700993 4 2.25 1
0.381818 1 0 0 0 1 1 0 0 0 0 0 0 0 1
0.381818 1 0 1 0 4 3 0 2 551.913 0.843482 0.667428 5 2 1
0.381818 0 2 0 0 3 2 0 2 7.97153 0.20855 0.349761 3 2 1
0.381818 0 2 2 0 1 1 0 4 689.308 0.473327 0.680492 17 2.17647 1
0.381818 0 2 3 0 6 4 0 2 4208.11 0.632135 0.784507 2 2 1
0.381818 0 2 0 0 8 2 0 3 1898.83 0.84012 0.792606 12 2.08333 1
0.381818 0 2 0 0 3 2 0 3 5124.52 0.271159 0.421295 4 2.25 1
0.381818 0 1 0 0 8 2 0 2 15.7618 0.552333 0.315018 2 2 1
0.381818 0 1 2 0 5 3 0 4 2845.64 0.924871 0.755326 4 2.5 2
0.381818 0 1 3 0 5 3 0 3 791.476 0.655122 0.792408 2 2.5 1
0.381818 0 1 2 0 4 3 0 3 991.222 0.83682 0.626325 3 2.33333 1
0.381818 0 1 1 1 4 3 0 4 7494.2 0.358534 0.531534 22 2.40909 1
0.381818 0 1 0 0 5 3 0 3 7506.32 0.818081 0.854886 8 2.125 1
0.381818 0 1 3 0 6 4 0 0 0 0 0 0 0 1
0.381818 0 1 2 0 1 1 0 2 2037.33 0.677784 0.677784 1 2 1
0.381818 0 0 1 0 2 3 0 2 3228.77 0.572555 0.572555 1 2 1
0.381818 0 0 0 0 5 3 0 2 4500.21 0.832909 0.872007 2 2 1
0.381818 0 0 0 0 2 3 0 0 0 0 0 0 0 1
0.381818 0 0 1 0 1 1 0 2 2799.13 0.878342 0.878342 1 2 1
0.381818 0 0 0 0 2 3 0 3 7487.53 0.617301 0.664033 3 2.33333 1
0.381818 0 0 3 0 5 3 0 3 18.0903 0.214433 0.214433 1 3 1
0.381818 0 0 2 1 7 3 0 0 0 0 0 0 0 1
0.381818 0 0 0 0 1 1 0 2 430.765 0.583146 0.583146 1 2 2
0.381818 0 2 2 0 2 3 0 0 0 0 0 0 0 1
0.381818 0 2 3 0 1 1 0 3 5070.23 0.924174 0.920622 2 2.5 1
0.381818 0 2 1 0 6 4 0 2 6901.4 0.804032 0.804032 1 2 1
0.381818 0 2 0 0 12 5 0 0 0 0 0 0 0 1
0.381818 0 2 2 0 4 3 0 2 3215.91 0.764181 0.740379 2 2 1
0.381818 0 1 3 0 2 3 0 3 647.228 0.283037 0.706558 17 2.17647 1
0.381818 0 1 3 0 1 1 0 0 0 0 0 0 0 2
0.381818 0 1 2 0 7 3 0 2 163.883 0.482247 0.482247 1 2 1
0.381818 0 0 2 0 1 1 0 0 0 0 0 0 0 1
0.381818 0 0 1 0 12 5 0 0 0 0 0 0 0 1
0.381818 0 0 3 0 7 3 0 3 6.01944 0.161551 0.485315 2 3 1
0.381818 0 0 2 0 1 1 0 4 2238.27 0.794983 0.638249 9 2.33333 1
0.381818 0 0 3 0 2 3 0 0 0 0 0 0 0 1
0.381818 0 0 3 0 12 5 0 2 59.9451 0.1753 0.1753 1 2 2
0.381818 0 0 3 1 4 3 0 3 712.711 0.673314 0.673314 1 3 2
0.381818 0 2 2 0 19 5 3 2 601.859 0.699834 0.699834 1 2 1
0.381818 0 2 3 1 2 3 0 0 0 0 0 0 0 1
0.381818 0 2 0 0 3 2 1 0 0 0 0 0 0 1
0.381818 0 1 0 0 1 1 0 3 3076.78 0.938624 0.723347 4 2.25 1
0.381818 0 1 3 0 1 1 0 2 5494.39 0.746244 0.746244 1 2 1
0.381818 0 1 1 0 6 4 0 3 221.985 0.938964 0.685601 4 2.5 1
0.381818 3 2 2 0 1 1 0 2 146.681 0.762439 0.686105 5 2 1
0.381818 3 2 1 0 12 5 1 3 3742.11 0.568031 0.326714 2 3 1
0.381818 3 2 0 1 18 3 2 0 0 0 0 0 0 1
0.381818 3 1 2 0 1 1 1 2 2977.22 0.558982 0.592283 6 2 1
0.381818 3 1 2 0 1 1 0 0 0 0 0 0 0 1
0.381818 3 0 0 0 1 1 0 3 4973.28 0.331621 0.331621 1 3 1
0.381818 3 0 2 0 12 5 0 3 2774.73 0.776793 0.67524 3 2.33333 1
0.381818 3 0 3 0 8 2 3 0 0 0 0 0 0 1
0.381818 3 2 3 0 4 3 0 2 5129.69 0.732571 0.732571 1 2 1
0.381818 3 2 2 0 12 5 2 3 2135.12 0.281542 0.569256 3 2.33333 1
0.381818 3 2 3 0 5 3 2 4 4473.14 0.941756 0.901407 6 2.5 1
0.381818 3 2 2 0 1 1 1 2 205.005 0.59241 0.576986 3 2 1
0.381818 3 2 2 0 7 3 0 3 719.121 0.607627 0.564452 6 2.66667 1
0.381818 3 1 2 0 14 6 0 2 49.2604 0.472721 0.472721 1 2 2
0.381818 3 1 3 0 1 1 0 3 286.105 0.553352 0.483032 2 2.5 1
0.381818 3 1 0 0 7 3 0 2 6792.08 0.408195 0.408195 1 2 1
0.381818 3 0 3 0 6 4 2 3 2867.31 0.885058 0.879507 2 2.5 1
0.381818 3 0 2 0 1 1 2 0 0 0 0 0 0 2
0.381818 3 2 0 1 4 3 2 2 2101.19 0.27571 0.27571 1 2 1
0.381818 3 2 3 0 4 3 1 2 4015.74 0.807514 0.807514 1 2 1
0.381818 3 2 3 0 3 2 0 3 4025.96 0.15931 0.578228 2 2.5 1
0.381818 3 2 3 0 2 3 0 3 3257.27 0.485661 0.542634 3 2.66667 2
0.381818 3 2 0 0 3 2 0 0 0 0 0 0 0 1
0.381818 3 1 0 0 3 2 0 4 2778.1 0.678825 0.791615 4 2.5 1
0.381818 3 1 3 0 1 1 0 2 1743.01 0.829111 0.572238 3 2 1
0.381818 3 1 3 0 3 2 0 0 0 0 0 0 0 1
0.381818 3 1 1 0 22 5 0 0 0 0 0 0 0 1
0.381818 3 1 3 0 1 1 0 0 0 0 0 0 0 1
0.381818 3 1 2 0 7 3 0 2 6342.81 0.741945 0.741945 1 2 1
0.381818 3 1 0 0 6 4 1 2 389.499 0.91102 0.723357 4 2 1
0.381818 3 0 3 0 3 2 3 2 2248.78 0.285408 0.383044 2 2 1
0.381818 3 0 2 1 1 1 0 2 598.722 0.827971 0.78168 2 2 2
0.381818 3 0 1 0 5 3 0 2 255.642 0.708003 0.80926 5 2 1
0.381818 3 0 2 1 7 3 0 0 0 0 0 0 0 1
0.381818 3 0 0 0 3 2 1 0 0 0 0 0 0 1
0.381818 2 2 0 0 1 1 0 0 0 0 0 0 0 1
0.381818 2 2 0 0 7 3 0 0 0 0 0 0 0 1
0.381818 2 2 3 0 6 4 0 0 0 0 0 0 0 1
0.381818 2 1 3 0 1 1 0 2 0.394444 0.487448 0.471625 3 2 1
0.381818 2 1 2 1 2 3 0 2 128.753 0.139342 0.194778 2 2 1
0.381818 2 0 0 0 1 1 0 0 0 0 0 0 0 1
0.381818 2 2 2 0 1 1 0 0 0 0 0 0 0 1
0.381818 2 2 1 0 1 1 0 2 6840.01 0.869149 0.869149 1 2 1
0.381818 2 2 3 0 2 3 0 2 3331.86 0.0756715 0.421829 3 2 1
0.381818 2 2 0 0 1 1 0 3 191.624 0.474182 0.575019 2 2.5 1
0.381818 2 2 0 0 1 1 0 0 0 0 0 0 0 1
0.381818 2 2 3 0 1 1 0 0 0 0 0 0 0 1
0.381818 2 2 3 0 1 1 0 3 4382.63 0.471499 0.654762 4 2.25 2
0.381818 2 2 2 0 7 3 0 3 5000.4 0.765788 0.754685 17 2.17647 1
0.381818 2 1 1 0 1 1 1 3 3061.21 0.77495 0.610553 14 2.28571 1
0.381818 2 1 2 2 4 3 1 3 4517.18 0.890943 0.890943 1 3 2
0.381818 2 1 2 0 6 4 1 2 3909.29 0.32537 0.636481 2 2 1
0.381818 2 1 0 0 1 1 3 3 7664.53 0.761549 0.681381 2 2.5 2
0.381818 2 1 2 0 1 1 0 0 0 0 0 0 0 1
0.381818 2 1 2 0 1 1 0 2 1165 0.500172 0.500172 1 2 1
0.381818 2 1 0 0 3 2 1 2 338.953 0.0585963 0.285713 4 2 1
0.381818 2 1 3 0 3 2 0 2 2376.96 0.230923 0.601474 2 2 1
0.381818 2 0 0 0 1 1 1 3 2241.85 0.927864 0.682382 17 2.11765 1
0.381818 2 0 0 0 3 2 0 0 0 0 0 0 0 1
0.381818 2 0 2 0 7 3 0 3 3218.04 0.534877 0.582982 3 2.33333 1
0.381818 2 0 3 0 3 2 1 2 335.787 0.803904 0.471771 2 2 1
0.381818 2 0 3 0 3 2 0 0 0 0 0 0 0 1
0.381818 2 2 0 0 1 1 0 3 2231.79 0.78584 0.632566 13 2.15385 1
0.381818 2 2 0 0 7 3 0 3 2655.95 0.774746 0.73837 4 2.25 1
0.381818 2 2 0 0 1 1 0 0 0 0 0 0 0 2
0.381818 2 2 0 0 3 2 0 3 929.763 0.194356 0.423713 7 2.42857 1
0.381818 2 1 2 0 1 1 1 3 4487.11 0.957685 0.634286 2 2.5 1
0.381818 2 1 2 0 1 1 4 3 3197.03 0.32774 0.440664 4 2.5 1
0.381818 2 1 0 0 1 1 0 0 0 0 0 0 0 1
0.381818 2 0 2 0 3 2 4 0 0 0 0 0 0 1
0.381818 2 0 3 0 1 1 0 2 4866.38 0.95341 0.733669 2 2 1
0.381818 2 0 3 0 7 3 0 2 128.032 0.258632 0.258632 1 2 1
0.4 0 2 0 0 3 2 0 2 293.208 0.281815 0.281815 1 2 1
0.4 0 2 2 0 18 3 0 3 3115.71 0.27602 0.436462 5 2.2 1
0.4 0 2 2 0 2 3 0 0 0 0 0 0 0 1
0.4 0 2 0 0 3 2 0 3 3115.13 0.434658 0.746489 4 2.25 1
0.4 0 0 3 0 7 3 0 0 0 0 0 0 0 1
0.4 0 0 3 0 3 2 0 2 114.549 0.454896 0.454896 1 2 1
0.4 0 2 1 0 1 1 0 3 5926.01 0.696021 0.756396 3 2.33333 1
0.4 0 2 3 2 8 2 0 3 3040.34 0.947206 0.71068 2 2.5 1
0.4 0 2 0 0 1 1 0 0 0 0 0 0 0 1
0.4 0 2 3 0 1 1 0 3 1198.23 0.799177 0.799177 1 3 1
0.4 0 1 2 0 1 1 0 0 0 0 0 0 0 1
0.4 0 1 0 0 1 1 0 4 8152.3 0.180252 0.627989 19 2.89474 1
0.4 0 1 3 0 6 4 0 3 3026.11 0.992409 0.992409 1 3 1
0.4 0 1 2 0 1 1 0 2 277.924 0.760412 0.625637 6 2 1
0.4 0 1 0 0 6 4 0 2 4867.56 0.492563 0.492563 1 2 1
0.4 0 0 2 0 6 4 0 3 3273.78 0.726718 0.769102 11 2.18182 1
0.4 0 0 0 0 4 3 0 2 837.869 0.677491 0.677491 1 2 1
0.4 3 2 0 0 1 1 0 3 804.281 0.843534 0.833218 7 2.14286 1
0.4 3 2 3 0 4 3 0 3 8125.44 0.315108 0.646706 5 2.2 1
0.4 3 2 2 1 7 3 0 2 20.3771 0.58777 0.58777 1 2 2
0.4 3 2 1 1 5 3 1 0 0 0 0 0 0 1
0.4 3 2 3 0 7 3 2 0 0 0 0 0 0 1
0.4 3 2 3 0 5 3 1 3 7030.57 0.904097 0.725031 5 2.2 1
0.4 3 1 2 0 1 1 0 2 472.104 0.990333 0.990333 1 2 1
0.4 3 1 1 0 12 5 0 0 0 0 0 0 0 1
0.4 3 1 0 0 3 2 0 0 0 0 0 0 0 1
0.4 3 1 2 2 10 3 0 3 1404.75 0.940461 0.594716 8 2.625 1
0.4 3 1 0 0 1 1 0 0 0 0 0 0 0 1
0.4 3 1 0 0 7 3 0 3 122.223 0.832413 0.590299 21 2.19048 1
0.4 3 1 3 0 3 2 0 3 2909.59 0.343946 0.343946 1 3 1
0.4 3 1 2 0 6 4 0 2 1369.35 0.528123 0.570122 2 2 2
0.4 3 1 2 0 6 4 0 2 4827.7 0.115104 0.115104 1 2 1
0.4 3 1 2 0 1 1 0 2 4828.04 0.76997 0.76997 1 2 1
0.4 3 1 1 0 22 5 0 2 1855.98 0.704455 0.655671 2 2 1
0.4 3 1 2 0 1 1 0 0 0 0 0 0 0 1
0.4 3 1 2 0 7 3 0 3 7892.16 0.967658 0.773705 28 2.21429 2
0.4 3 0 3 0 1 1 0 0 0 0 0 0 0 1
0.4 3 0 2 0 5 3 0 0 0 0 0 0 0 1
0.4 3 0 0 0 1 1 0 2 1207.92 0.403895 0.403895 1 2 1
0.4 3 0 0 0 6 4 0 0 0 0 0 0 0 1
0.4 3 0 3 1 1 1 0 0 0 0 0 0 0 2
0.4 3 0 3 0 6 4 0 3 745.093 0.798787 0.624137 3 2.33333 1
0.4 3 0 2 0 5 3 0 3 1993.27 0.696438 0.583712 5 2.2 1
0.4 3 2 2 0 3 2 0 0 0 0 0 0 0 1
0.4 3 2 0 0 7 3 0 3 7953.1 0.67139 0.6196 16 2.125 1
0.4 3 2 0 0 7 3 0 3 7953.05 0.679547 0.653209 15 2.13333 1
0.4 3 2 0 0 7 3 0 2 1397.44 0.874466 0.874466 1 2 1
0.4 3 2 0 0 7 3 0 2 4833.43 0.917971 0.917971 1 2 1
0.4 3 2 0 2 2 3 0 2 468.42 0.298242 0.298242 1 2 2
0.4 3 2 0 0 6 4 1 2 2754.22 0.337784 0.348773 4 2 1
0.4 3 2 3 0 7 3 0 2 571.129 0.602453 0.803951 8 2 1
0.4 3 1 3 2 1 1 1 2 980.397 0.171422 0.609103 4 2 2
0.4 3 1 2 0 1 1 2 0 0 0 0 0 0 1
0.4 3 1 1 0 7 3 1 2 3464.34 0.717739 0.802956 3 2 1
0.4 3 0 2 0 5 3 0 3 7861.12 0.984165 0.723099 18 2.22222 1
0.4 3 0 1 0 8 2 0 0 0 0 0 0 0 1
0.4 3 0 1 0 3 2 2 3 869.676 0.800805 0.652127 7 2.28571 1
0.4 3 0 2 0 5 3 0 0 0 0 0 0 0 1
0.4 3 2 2 0 1 1 0 2 2698.24 0.123065 0.123065 1 2 1
0.4 3 2 3 0 12 5 0 0 0 0 0 0 0 1
0.4 3 2 3 0 1 1 0 0 0 0 0 0 0 1
0.4 3 1 2 0 5 3 1 3 7907.23 0.477383 0.74563 10 2.3 1
0.4 3 0 0 0 1 1 3 2 192.656 0.987324 0.795402 2 2 1
0.4 3 0 2 0 7 3 0 2 13.2299 0.829536 0.751223 4 2 1
0.4 3 0 2 0 6 4 0 3 358.847 0.934447 0.803036 3 2.33333 2
0.4 3 0 2 0 3 2 2 3 452.41 0.156976 0.568323 14 2.57143 1
0.4 3 0 1 0 2 3 1 0 0 0 0 0 0 2
0.4 2 2 3 0 7 3 0 2 1193.5 0.706943 0.706943 1 2 1
0.4 2 2 3 0 1 1 1 3 46.0819 0.805887 0.77596 7 2.42857 1
0.4 2 2 2 0 7 3 0 0 0 0 0 0 0 1
0.4 2 2 2 0 3 2 0 3 595.705 0.636075 0.468187 4 2.25 1
0.4 2 2 1 0 22 5 0 2 298.708 0.440667 0.39044 5 2 1
0.4 2 1 3 1 27 3 0 3 588.879 0.100682 0.3907 3 2.33333 1
0.4 2 1 3 0 2 3 0 0 0 0 0 0 0 1
0.4 2 1 0 0 8 2 0 0 0 0 0 0 0 1
0.4 2 1 2 0 7 3 0 2 4018.38 0.285699 0.285699 1 2 1
0.4 2 1 0 1 7 3 0 0 0 0 0 0 0 1
0.4 2 0 2 0 12 5 0 0 0 0 0 0 0 1
0.4 2 0 3 0 3 2 0 2 4089.58 0.534334 0.476409 2 2 1
0.4 2 0 2 0 1 1 0 2 3002.26 0.951385 0.969478 2 2 1
0.4 2 0 0 1 4 3 0 0 0 0 0 0 0 2
0.4 2 0 0 0 6 4 0 0 0 0 0 0 0 1
0.4 2 2 0 0 5 3 0 2 5025.4 0.510562 0.510562 1 2 1
0.4 2 2 2 0 1 1 0 2 4656.05 0.734076 0.734076 1 2 1
0.4 2 2 0 0 6 4 0 0 0 0 0 0 0 1
0.4 2 2 2 0 6 4 0 2 3784.23 0.975729 0.688371 3 2 1
0.4 2 1 0 0 1 1 0 2 2708.92 0.78252 0.78252 1 2 1
0.4 2 1 3 0 2 3 0 3 40.7125 0.926664 0.634718 11 2.27273 2
0.4 2 0 3 2 1 1 0 0 0 0 0 0 0 2
0.4 2 0 2 0 7 3 0 3 546.672 0.529169 0.626816 4 2.5 1
0.4 2 0 0 0 3 2 0 0 0 0 0 0 0 1
0.4 2 0 0 0 1 1 0 3 108.818 0.0792322 0.0792322 1 3 1
0.4 2 0 3 0 1 1 0 0 0 0 0 0 0 1
0.4 2 2 2 0 6 4 0 0 0 0 0 0 0 1
0.4 2 2 0 0 1 1 0 2 7645.26 0.717729 0.717729 1 2 1
0.4 2 2 3 0 1 1 0 3 1062.59 0.426047 0.426047 1 3 1
0.4 2 2 2 0 6 4 0 2 399.165 0.810353 0.810353 1 2 1
0.4 2 2 0 0 3 2 0 3 1588.8 0.858595 0.635941 9 2.33333 1
0.4 2 2 1 0 1 1 0 0 0 0 0 0 0 1
0.4 2 1 0 0 8 2 0 3 1323.78 0.232431 0.315164 3 2.33333 1
0.4 2 1 2 0 7 3 0 3 1200.89 0.888854 0.782629 2 2.5 1
0.4 2 1 1 0 5 3 0 3 13.2507 0.718901 0.657456 13 2.30769 1
0.4 2 0 0 0 1 1 1 2 20.6694 0.626473 0.625702 3 2 1
0.4 2 0 0 2 2 3 0 3 2565.82 0.302618 0.513879 19 2.10526 2
0.4 2 0 0 0 1 1 0 4 1849.37 0.905167 0.630717 3 2.66667 1
0.4 2 0 0 0 1 1 0 0 0 0 0 0 0 1
0.4 1 2 3 0 6 4 0 3 1097.02 0.620818 0.580142 3 2.33333 1
0.4 1 2 0 0 3 2 0 2 884.754 0.411812 0.543644 2 2 1
0.4 1 2 1 0 1 1 0 2 460.157 0.977393 0.74987 3 2 1
0.4 1 2 3 0 1 1 0 2 5264.66 0.597372 0.597372 1 2 1
0.4 1 1 3 0 7 3 0 0 0 0 0 0 0 1
0.4 1 1 2 0 3 2 0 2 56.7444 0.23961 0.347049 2 2 1
0.4 1 1 3 0 1 1 0 0 0 0 0 0 0 1
0.4 1 1 3 0 1 1 0 0 0 0 0 0 0 1
0.4 1 1 1 0 1 1 0 3 4056.96 0.557835 0.688553 2 3 1
0.4 1 0 1 0 2 3 4 2 3464.46 0.217084 0.217084 1 2 2
0.4 1 0 0 0 9 2 5 2 7.90486 0.791152 0.689788 4 2 1
0.4 1 0 3 0 1 1 0 3 2108.03 0.680553 0.465173 2 2.5 2
0.4 1 0 0 0 6 4 0 2 239.672 0.983376 0.477859 5 2 1
0.4 1 0 0 0 2 3 0 3 4858.27 0.830476 0.659252 4 2.25 2
0.4 1 0 0 0 12 5 0 2 10.2312 0.293936 0.356515 3 2 1
0.4 1 2 0 0 1 1 0 2 2189.81 0.304427 0.72195 7 2 1
0.4 1 2 0 0 12 5 0 2 6.98611 0.470251 0.628231 2 2 1
0.4 1 2 1 0 1 1 0 2 15.0938 0.360314 0.360314 1 2 1
0.4 1 1 0 0 1 1 0 0 0 0 0 0 0 1
0.4 1 1 0 0 5 3 0 4 7914.24 0.892058 0.503986 19 3 1
0.4 1 1 2 0 2 3 0 2 280.557 0.395104 0.639182 2 2 1
0.4 1 1 0 0 8 2 0 3 316.012 0.444265 0.525811 11 2.36364 1
0.4 1 1 0 0 1 1 0 2 22.1812 0.588288 0.588288 1 2 1
0.4 1 0 3 0 2 3 0 0 0 0 0 0 0 1
0.4 1 0 0 0 6 4 0 2 13.5208 0.930858 0.930858 1 2 1
0.4 1 0 3 0 1 1 0 0 0 0 0 0 0 2
0.4 1 0 1 0 1 1 0 2 5773.79 0.983895 0.983895 1 2 2
0.4 1 2 1 0 8 2 0 0 0 0 0 0 0 1
0.4 1 2 2 0 1 1 0 0 0 0 0 0 0 1
0.4 1 2 0 0 3 2 0 3 4561.51 0.533745 0.569879 6 2.16667 1
0.4 1 2 3 0 1 1 1 2 4362.74 0.791018 0.633656 2 2 1
0.4 1 2 3 0 3 2 1 0 0 0 0 0 0 1
0.4 1 2 3 0 1 1 0 2 0.0458333 0.606701 0.606701 1 2 1
0.4 1 2 3 0 6 4 0 0 0 0 0 0 0 1
0.4 1 2 2 0 1 1 0 2 197.258 0.596991 0.608661 2 2 1
0.4 1 2 0 0 1 1 0 3 4206.36 0.629696 0.591452 2 2.5 1
0.4 1 1 0 0 7 3 0 3 5521.86 0.477536 0.477536 1 3 1
0.4 1 1 0 0 7 3 0 3 5521.85 0.920882 0.920882 1 3 1
0.4 1 1 0 0 7 3 0 0 0 0 0 0 0 2
0.4 1 1 0 0 7 3 0 0 0 0 0 0 0 1
0.4 1 1 0 0 1 1 0 0 0 0 0 0 0 1
0.4 1 1 2 0 3 2 1 0 0 0 0 0 0 1
0.4 1 1 0 3 4 3 1 0 0 0 0 0 0 2
0.4 1 1 0 0 1 1 0 2 14.741 0.641315 0.645742 2 2 1
0.4 1 1 2 0 1 1 0 3 2668.25 0.546775 0.648925 4 2.25 1
0.4 1 1 2 0 6 4 0 0 0 0 0 0 0 1
0.4 1 1 0 0 1 1 0 4 7877.81 0.468103 0.657663 24 2.41667 1
0.4 1 1 3 0 6 4 0 2 86.0104 0.399286 0.490731 2 2 1
0.4 1 0 0 1 1 1 0 3 2818.96 0.91347 0.91347 1 3 1
0.4 1 0 3 0 11 5 0 0 0 0 0 0 0 1
0.4 1 0 3 0 6 4 0 2 0.0951389 0.207511 0.506822 4 2 1
0.4 1 0 2 0 6 4 0 2 32.1229 0.0690616 0.567145 3 2 1
0.4 1 0 1 0 6 4 0 0 0 0 0 0 0 1
0.4 0 2 0 1 2 3 0 0 0 0 0 0 0 2
0.4 0 2 0 0 1 1 3 3 4194.67 0.774446 0.706045 3 2.33333 1
0.4 0 2 0 0 3 2 3 0 0 0 0 0 0 1
0.4 0 2 2 0 1 1 4 3 3449.37 0.264078 0.562287 4 2.25 1
0.4 0 2 0 0 1 1 0 2 4444.36 0.863054 0.863054 1 2 1
0.4 0 1 3 0 3 2 0 2 329.313 0.875057 0.808263 3 2 1
0.4 0 1 0 0 6 4 0 0 0 0 0 0 0 1
0.4 0 0 3 0 1 1 3 3 7775.84 0.626524 0.646259 15 2.13333 1
0.4 0 0 1 0 8 2 3 0 0 0 0 0 0 1
0.4 0 0 3 0 3 2 3 3 1164.67 0.595046 0.58286 3 2.33333 1
0.4 0 2 2 0 3 2 0 2 2035.81 0.982107 0.892409 3 2 1
0.4 0 2 3 0 6 4 0 3 1027.66 0.513053 0.634906 7 2.57143 1
0.4 0 2 3 0 3 2 0 2 581.137 0.745499 0.745499 1 2 1
0.4 0 2 3 0 3 2 0 3 5888.05 0.844128 0.914993 2 2.5 1
0.418182 3 2 1 0 1 1 0 0 0 0 0 0 0 1
0.418182 3 2 0 0 1 1 0 3 1686.76 0.70987 0.829782 5 2.2 1
0.418182 3 1 3 1 7 3 0 2 894.312 0.951354 0.973769 2 2 1
0.418182 3 1 2 0 6 4 0 3 857.605 0.963974 0.770191 16 2.4375 1
0.418182 3 1 1 0 3 2 0 3 68.3479 0.947985 0.858559 3 2.33333 1
0.418182 3 1 0 0 1 1 0 3 31.9979 0.372933 0.756367 19 2.21053 1
0.418182 3 1 3 0 2 3 0 3 812.574 0.883075 0.63484 4 2.5 1
0.418182 3 0 2 1 2 3 1 3 1036.53 0.545506 0.545506 1 3 1
0.418182 3 0 0 0 3 2 0 3 6167.77 0.834964 0.781751 5 2.2 1
0.418182 3 0 2 0 1 1 0 0 0 0 0 0 0 1
0.418182 3 0 3 0 13 3 0 2 5412.9 0.620388 0.620388 1 2 1
0.418182 3 2 0 0 1 1 0 3 1681.83 0.155172 0.504752 10 2.2 1
0.418182 3 2 2 0 1 1 0 2 948.249 0.973774 0.973774 1 2 1
0.418182 3 2 2 0 1 1 0 3 476.271 0.779911 0.783124 16 2.1875 1
0.418182 3 2 3 0 2 3 0 3 10.9458 0.451299 0.567058 26 2.19231 1
0.418182 3 2 2 0 3 2 0 2 475.393 0.283179 0.283179 1 2 1
0.418182 3 2 0 0 7 3 0 3 834.054 0.249743 0.534259 15 2.33333 1
0.418182 3 2 2 0 3 2 0 0 0 0 0 0 0 1
0.418182 3 1 3 0 1 1 0 3 523.954 0.925613 0.925613 1 3 1
0.418182 3 1 0 0 2 3 0 3 423.142 0.5003 0.667834 27 2.14815 2
0.418182 3 1 2 0 5 3 0 4 8042.31 0.690138 0.665143 2 3 1
0.418182 3 1 2 0 6 4 2 3 3322.24 0.90293 0.764104 8 2.5 2
0.418182 3 1 3 0 3 2 2 2 5327.14 0.996478 0.996478 1 2 1
0.418182 3 0 3 0 6 4 0 2 6651.41 0.938727 0.537074 2 2 1
0.418182 3 0 3 0 1 1 0 2 126.856 0.962466 0.962466 1 2 1
0.418182 3 0 3 0 3 2 1 3 2541.02 0.793023 0.744505 15 2.06667 1
0.418182 3 0 1 0 8 2 0 0 0 0 0 0 0 1
0.418182 3 0 0 0 22 5 0 3 3539.46 0.214048 0.573892 13 2.15385 1
0.418182 2 2 3 0 13 3 0 0 0 0 0 0 0 2
0.418182 2 2 3 0 2 3 0 2 4427.24 0.36457 0.36457 1 2 1
0.418182 2 1 0 0 11 5 0 3 1374.55 0.590205 0.615835 7 2.57143 1
0.418182 2 1 0 0 4 3 0 3 2002.73 0.417342 0.616883 14 2.14286 1
0.418182 2 1 0 0 3 2 0 3 460.882 0.251332 0.517156 4 2.25 1
0.418182 2 1 0 0 3 2 0 2 752.029 0.0772953 0.22449 5 2 2
0.418182 2 1 3 0 1 1 0 0 0 0 0 0 0 1
0.418182 2 1 1 0 5 3 0 2 1619.54 0.607354 0.738071 2 2 1
0.418182 2 0 0 0 3 2 0 0 0 0 0 0 0 2
0.418182 2 0 3 0 1 1 0 2 932.546 0.931428 0.550912 4 2 1
0.418182 2 0 0 0 3 2 0 2 271.503 0.515524 0.515524 1 2 1
0.418182 2 0 3 0 1 1 0 2 3047.25 0.498398 0.498398 1 2 1
0.418182 2 0 2 0 1 1 0 3 1608.89 0.629084 0.716863 6 2.5 1
0.418182 2 0 1 0 8 2 0 3 3764.21 0.522339 0.747541 2 2.5 1
0.418182 2 0 3 0 7 3 0 4 8379.9 0.64684 0.800594 14 2.5 1
0.418182 2 0 2 0 1 1 0 2 22.1924 0.557643 0.643062 2 2 1
0.418182 2 0 0 0 3 2 0 2 100.299 0.910227 0.651069 8 2 1
0.418182 2 0 0 0 8 2 0 2 479.669 0.574041 0.782205 2 2 1
0.418182 2 2 1 0 5 3 0 0 0 0 0 0 0 1
0.418182 2 2 1 0 1 1 1 2 1011.72 0.514324 0.598354 6 2 1
0.418182 2 1 3 0 3 2 0 0 0 0 0 0 0 1
0.418182 2 1 1 0 3 2 0 0 0 0 0 0 0 1
0.418182 2 1 3 0 2 3 0 3 3305.3 0.677976 0.465777 3 2.33333 1
0.418182 2 1 0 0 11 5 0 2 3942.51 0.201559 0.591618 2 2 1
0.418182 2 0 2 0 7 3 0 0 0 0 0 0 0 1
0.418182 2 0 2 0 1 1 0 0 0 0 0 0 0 1
0.418182 2 0 0 0 1 1 0 3 3765.62 0.483126 0.630312 4 2.5 1
0.418182 2 0 0 0 6 4 0 0 0 0 0 0 0 1
0.418182 2 0 0 0 6 4 0 0 0 0 0 0 0 1
0.418182 2 0 3 0 6 4 0 0 0 0 0 0 0 1
0.418182 2 2 0 1 1 1 0 3 7939.09 0.460972 0.609248 9 2.11111 1
0.418182 2 2 3 0 6 4 0 0 0 0 0 0 0 1
0.418182 2 2 0 0 1 1 0 3 1672.11 0.2855 0.649597 5 2.4 1
0.418182 2 1 3 0 8 2 0 2 0.0208333 0.390377 0.63601 4 2 1
0.418182 2 1 3 0 8 2 0 2 476.86 0.336273 0.570289 2 2 1
0.418182 2 0 2 0 1 1 0 2 5949.18 0.84185 0.84185 1 2 1
0.418182 2 0 1 0 1 1 0 3 141.092 0.67066 0.590241 21 2.33333 1
0.418182 2 0 3 0 19 5 2 3 1629.45 0.875403 0.875403 1 3 2
0.418182 2 0 2 0 13 3 0 3 2311.89 0.989258 0.96118 2 2.5 1
0.418182 2 0 1 0 1 1 0 4 4321.21 0.908647 0.611814 20 2.4 1
0.418182 2 0 1 0 22 5 0 0 0 0 0 0 0 1
0.418182 2 0 3 0 8 2 0 3 1905.66 0.431506 0.429007 3 2.66667 1
0.418182 2 0 0 0 1 1 0 0 0 0 0 0 0 1
0.418182 1 2 2 0 7 3 0 3 4668.94 0.228005 0.69427 8 2.375 1
0.418182 1 2 1 0 3 2 0 3 4698.91 0.556765 0.654553 18 2.22222 1
0.418182 1 2 3 0 3 2 0 2 7617.57 0.0530059 0.0530059 1 2 1
0.418182 1 2 2 0 6 4 0 3 7150.26 0.823516 0.606826 2 2.5 1
0.418182 1 2 2 0 6 4 0 0 0 0 0 0 0 1
0.418182 1 1 2 0 4 3 0 2 6838.2 0.308852 0.308852 1 2 1
0.418182 1 1 2 0 3 2 0 4 5034.87 0.901409 0.879906 4 2.5 1
0.418182 1 1 0 0 3 2 0 3 2433.38 0.116909 0.616227 9 2.11111 1
0.418182 1 1 2 0 7 3 0 0 0 0 0 0 0 1
0.418182 1 1 0 0 7 3 0 3 299.238 0.132909 0.562066 16 2.25 1
0.418182 1 1 3 1 3 2 0 4 4590.57 0.588544 0.692497 5 2.4 1
0.418182 1 0 0 0 2 3 1 0 0 0 0 0 0 1
0.418182 1 0 1 0 1 1 0 2 4559.62 0.891967 0.916353 2 2 1
0.418182 1 0 0 0 7 3 0 3 332.96 0.302912 0.611807 24 2.125 1
0.418182 1 0 3 0 7 3 0 2 977.255 0.597314 0.748943 6 2 1
0.418182 1 0 0 0 1 1 0 0 0 0 0 0 0 1
0.418182 1 2 3 0 1 1 0 2 3137.53 0.351595 0.351595 1 2 1
0.418182 1 2 0 0 1 1 0 0 0 0 0 0 0 1
0.418182 1 2 3 0 6 4 0 0 0 0 0 0 0 1
0.418182 1 2 3 0 12 5 0 2 3245.93 0.829289 0.70362 2 2 1
0.418182 1 2 0 0 1 1 0 2 347.989 0.190719 0.382696 5 2 1
0.418182 1 1 0 0 1 1 0 0 0 0 0 0 0 1
0.418182 1 0 2 0 3 2 0 3 8119.2 0.821786 0.886512 2 3 1
0.418182 1 0 1 0 7 3 2 3 2160.58 0.882669 0.882669 1 3 1
0.418182 1 0 3 0 12 5 0 3 528.281 0.701481 0.588993 3 2.66667 1
0.418182 1 0 3 0 1 1 0 2 2230.92 0.651168 0.651168 1 2 1
0.418182 1 0 3 0 3 2 0 3 3181.77 0.505186 0.590921 17 2.29412 1
0.418182 1 0 0 0 8 2 0 2 14.2972 0.90584 0.90584 1 2 1
0.418182 1 0 1 0 6 4 0 0 0 0 0 0 0 1
0.418182 1 2 1 0 3 2 0 3 1482.58 0.488069 0.572488 5 2.4 1
0.418182 1 2 3 0 7 3 1 3 4107.7 0.490233 0.706205 2 2.5 1
0.418182 1 2 3 0 7 3 1 0 0 0 0 0 0 1
0.418182 1 2 0 0 7 3 0 4 8254.93 0.845453 0.6478 31 2.35484 1
0.418182 1 2 0 0 6 4 0 3 1480.34 0.320948 0.631145 4 2.5 1
0.418182 1 2 0 0 7 3 0 2 2803.4 0.901762 0.737879 2 2 1
0.418182 1 2 2 0 1 1 0 4 8253.43 0.794803 0.643355 29 2.37931 1
0.418182 1 1 0 0 1 1 0 2 541.876 0.728185 0.549263 3 2 1
0.418182 1 1 3 0 6 4 0 2 339.124 0.948036 0.948036 1 2 1
0.418182 1 1 0 0 12 5 2 0 0 0 0 0 0 1
0.418182 1 0 0 1 10 3 1 0 0 0 0 0 0 1
0.418182 1 0 2 0 4 3 1 0 0 0 0 0 0 1
0.418182 1 0 0 0 6 4 1 3 580.266 0.782655 0.706517 5 2.4 1
0.418182 1 0 0 0 3 2 1 3 228.4 0.246159 0.618162 11 2.27273 1
0.418182 0 2 3 0 6 4 0 0 0 0 0 0 0 1
0.418182 0 2 0 0 5 3 0 5 5285.47 0.213595 0.410269 9 2.44444 1
0.418182 0 2 2 0 1 1 0 2 6438.72 0.628783 0.628783 1 2 1
0.418182 0 1 2 0 1 1 0 3 4252.38 0.892259 0.628218 5 2.2 1
0.418182 0 1 2 0 6 4 0 3 3796.4 0.418919 0.600131 5 2.2 1
0.418182 0 1 3 1 2 3 0 2 18.9625 0.907712 0.8811 2 2 1
0.418182 0 1 3 0 9 2 0 2 1182.24 0.450114 0.402132 2 2 1
0.418182 0 0 3 2 2 3 0 3 4618.33 0.424472 0.573612 2 2.5 1
0.418182 0 0 0 0 1 1 0 0 0 0 0 0 0 1
0.418182 0 0 3 0 3 2 0 3 5423.83 0.120839 0.411856 3 2.33333 1
0.418182 0 0 3 0 3 2 0 3 6511.87 0.832736 0.577642 3 2.33333 1
0.418182 0 2 2 0 7 3 1 2 6952.67 0.517874 0.517874 1 2 1
0.418182 0 2 3 0 3 2 1 2 2135.99 0.944596 0.944596 1 2 1
0.418182 0 2 2 1 10 3 0 5 5259.93 0.805514 0.658466 7 2.57143 1
0.418182 0 2 2 0 1 1 0 0 0 0 0 0 0 1
0.418182 0 2 0 0 3 2 0 3 232.024 0.880949 0.774944 13 2.15385 1
0.418182 0 2 0 0 6 4 0 2 2621.18 0.288074 0.288074 1 2 1
0.418182 0 2 0 0 1 1 0 3 189.285 0.995361 0.632048 22 2.18182 1
0.418182 0 2 0 0 1 1 0 2 384.396 0.574656 0.58114 3 2 1
0.418182 0 2 3 0 6 4 0 0 0 0 0 0 0 1
0.418182 0 2 1 0 1 1 0 0 0 0 0 0 0 1
0.418182 0 1 0 0 1 1 0 3 8193.41 0.918537 0.662033 9 2.11111 1
0.418182 0 1 0 0 11 5 0 3 256.952 0.512139 0.592705 4 2.5 1
0.418182 0 1 0 0 1 1 0 0 0 0 0 0 0 1
0.418182 0 1 1 1 17 6 0 3 63.6875 0.565317 0.668765 24 2.25 2
0.418182 0 1 2 0 1 1 0 0 0 0 0 0 0 2
0.418182 0 1 3 0 3 2 0 2 3656.73 0.621112 0.621112 1 2 1
0.418182 0 1 0 0 1 1 0 0 0 0 0 0 0 1
0.418182 0 0 0 0 3 2 0 0 0 0 0 0 0 1
0.418182 0 0 3 0 1 1 0 3 58.3 0.770334 0.641181 22 2.31818 1
0.418182 0 0 1 0 1 1 0 3 173.481 0.487689 0.583992 14 2.35714 1
0.418182 0 0 3 0 1 1 0 2 294.84 0.96906 0.96906 1 2 1
0.418182 0 0 2 0 6 4 0 0 0 0 0 0 0 1
0.418182 0 2 2 0 11 5 0 2 257.042 0.459838 0.459838 1 2 1
0.418182 0 2 2 0 1 1 0 2 3904.34 0.77992 0.77992 1 2 1
0.418182 0 2 0 1 4 3 0 3 2648.28 0.360644 0.716838 17 2.05882 1
0.418182 0 1 3 0 11 5 0 0 0 0 0 0 0 1
0.418182 0 1 0 0 8 2 0 2 28.1417 0.366142 0.397697 5 2 1
0.418182 0 1 2 1 4 3 0 0 0 0 0 0 0 1
0.418182 0 1 2 0 2 3 0 2 1146.75 0.270525 0.270525 1 2 1
0.418182 0 1 3 0 6 4 0 4 1881.6 0.941733 0.568514 7 2.57143 1
0.418182 0 1 3 0 6 4 0 0 0 0 0 0 0 1
0.418182 0 0 2 0 6 4 0 2 4915.16 0.192013 0.192013 1 2 1
0.418182 0 0 0 0 8 2 1 2 2867.52 0.855622 0.855622 1 2 1
0.418182 3 2 3 0 7 3 0 2 7606.39 0.405438 0.405438 1 2 1
0.418182 3 2 2 0 7 3 0 0 0 0 0 0 0 1
0.418182 3 2 3 0 1 1 0 4 8486.9 0.673267 0.642212 23 2.78261 1
0.418182 3 1 0 0 3 2 0 3 64.0854 0.5146 0.546194 24 2.20833 1
0.418182 3 1 3 0 1 1 2 2 708.438 0.802765 0.568781 3 2 1
0.418182 3 1 2 0 3 2 0 0 0 0 0 0 0 1
0.418182 3 1 0 1 3 2 0 3 883.174 0.313954 0.493433 15 2.26667 2
0.418182 3 1 0 0 3 2 0 2 98.7771 0.672515 0.475813 4 2 1
0.418182 3 1 0 0 1 1 0 3 55.0542 0.531216 0.542304 27 2.14815 1
0.418182 3 0 0 0 11 5 1 3 290.736 0.42471 0.669174 27 2.22222 1
0.418182 3 0 0 0 1 1 0 2 3016.65 0.162839 0.162839 1 2 1
0.418182 3 0 0 0 3 2 0 4 8467.32 0.10856 0.670948 23 2.73913 1
0.418182 3 2 3 0 8 2 0 3 8319.43 0.734265 0.668096 5 2.6 1
0.436364 1 1 3 0 5 3 3 2 577.504 0.389894 0.508337 2 2 2
0.436364 1 1 2 0 6 4 0 2 3158.88 0.9215 0.703504 2 2 1
0.436364 1 1 3 0 6 4 0 3 1062.31 0.533789 0.399077 5 2.2 1
0.436364 1 1 2 0 2 3 1 3 1299.54 0.438095 0.563213 6 2.16667 1
0.436364 1 0 1 0 1 1 1 4 8625.35 0.0715009 0.58135 25 2.72 1
0.436364 1 0 2 0 1 1 2 2 2436.16 0.905516 0.905516 1 2 2
0.436364 1 0 2 0 7 3 2 0 0 0 0 0 0 2
0.436364 1 0 0 0 7 3 1 2 2735.22 0.906216 0.645727 2 2 1
0.436364 1 0 3 0 1 1 4 3 4034.36 0.253267 0.660731 7 2.42857 1
0.436364 1 0 3 0 1 1 0 3 1864.7 0.348955 0.52219 13 2.23077 1
0.436364 1 0 3 0 2 3 0 3 687.762 0.298271 0.54349 6 2.33333 1
0.436364 1 2 3 0 7 3 0 2 2731.65 0.442779 0.544687 4 2 1
0.436364 1 2 3 1 2 3 0 0 0 0 0 0 0 2
0.436364 1 2 2 3 7 3 0 3 5608.63 0.785826 0.693694 12 2.16667 2
0.436364 1 2 0 0 1 1 1 0 0 0 0 0 0 1
0.436364 1 1 3 0 9 2 0 3 8459.44 0.659823 0.644697 9 2.33333 1
0.436364 1 1 2 0 8 2 0 3 3631.62 0.830504 0.850024 3 2.33333 1
0.436364 1 1 3 0 6 4 0 2 3670.8 0.98018 0.946053 2 2 1
0.436364 1 1 2 0 6 4 0 2 4275.84 0.681645 0.61031 6 2 1
0.436364 1 1 2 0 6 4 0 3 3983.53 0.875242 0.586663 6 2.5 1
0.436364 1 1 3 0 3 2 0 3 3907 0.934301 0.885836 2 3 2
0.436364 1 1 3 0 1 1 1 0 0 0 0 0 0 1
0.436364 1 0 0 0 3 2 2 2 3732.91 0.944726 0.944726 1 2 1
0.436364 1 0 1 0 1 1 0 0 0 0 0 0 0 1
0.436364 1 0 0 0 3 2 2 3 108.835 0.0663575 0.488241 21 2.2381 1
0.436364 0 2 3 0 4 3 0 3 1933.35 0.650089 0.652853 3 2.33333 1
0.436364 0 2 1 0 1 1 0 2 420.139 0.572612 0.572612 1 2 1
0.436364 0 2 2 0 6 4 2 0 0 0 0 0 0 1
0.436364 0 1 0 0 1 1 0 3 4509.1 0.733408 0.664632 18 2.22222 1
0.436364 0 1 1 0 7 3 0 2 531.064 0.504191 0.524968 6 2 1
0.436364 0 1 0 0 2 3 1 0 0 0 0 0 0 1
0.436364 0 0 3 0 7 3 1 3 86.5556 0.99869 0.800425 14 2.14286 1
0.436364 0 0 2 0 3 2 2 0 0 0 0 0 0 1
0.436364 0 0 2 0 1 1 0 4 8558.67 0.952457 0.629002 20 2.8 1
0.436364 0 0 0 0 1 1 0 3 76.8264 0.713467 0.662227 15 2.26667 1
0.436364 0 2 3 0 1 1 0 2 5265.71 0.991205 0.869497 2 2 1
0.436364 0 2 1 0 1 1 0 2 3532.1 0.448774 0.448774 1 2 1
0.436364 0 2 0 0 1 1 0 3 74.9813 0.0620712 0.469405 18 2.27778 1
0.436364 0 2 3 0 1 1 0 2 7052.02 0.236231 0.236231 1 2 1
0.436364 0 2 3 0 1 1 0 2 0.286806 0.348617 0.462996 4 2 1
0.436364 0 2 2 0 1 1 0 2 3826.12 0.284389 0.500234 3 2 1
0.436364 0 2 0 2 7 3 0 4 8554.15 0.560548 0.758739 21 2.52381 1
0.436364 0 2 2 0 7 3 0 3 8148.6 0.6339 0.781836 8 2.125 1
0.436364 0 2 3 0 10 3 0 3 69.5896 0.0559005 0.501178 17 2.29412 1
0.436364 0 2 2 0 8 2 0 3 68.2778 0.874848 0.76166 11 2.36364 1
0.436364 0 2 3 0 2 3 0 3 2135.55 0.575729 0.675063 11 2.36364 1
0.436364 0 1 3 0 2 3 1 2 29.7965 0.122344 0.34911 6 2 1
0.436364 0 1 2 1 13 3 0 3 3439.25 0.676844 0.559777 2 3 2
0.436364 0 0 3 0 6 4 0 3 422.819 0.794847 0.808494 2 2.5 1
0.436364 0 0 0 0 6 4 0 3 576.994 0.554638 0.640869 21 2.09524 1
0.436364 0 0 3 0 7 3 0 2 105.321 0.680471 0.680471 1 2 1
0.436364 0 0 1 0 22 5 0 3 2140.98 0.747879 0.712392 12 2.08333 1
0.436364 0 0 0 0 9 2 0 3 1779.94 0.209889 0.467517 10 2.2 1
0.436364 0 0 3 1 3 2 0 0 0 0 0 0 0 1
0.436364 0 2 3 0 2 3 0 3 1149.28 0.642318 0.641814 4 2.5 1
0.436364 0 2 0 0 3 2 0 3 701.763 0.574222 0.722673 34 2.20588 1
0.436364 0 2 0 0 1 1 0 4 8882.21 0.897756 0.6435 22 2.13636 1
0.436364 0 2 0 0 1 1 0 3 4425.5 0.833366 0.650291 2 2.5 1
0.436364 0 2 3 0 1 1 0 4 8878.95 0.298445 0.614259 28 2.60714 1
0.436364 0 2 0 0 3 2 0 0 0 0 0 0 0 2
0.436364 0 1 3 0 7 3 0 2 5289.65 0.858627 0.858627 1 2 1
0.436364 0 1 2 0 4 3 0 3 692.162 0.985524 0.555406 20 2.25 1
0.436364 0 1 2 0 4 3 0 3 35.5965 0.162408 0.259878 3 2.33333 1
0.436364 0 1 3 0 8 2 0 3 259.385 0.719493 0.667147 11 2.09091 1
0.436364 0 1 2 0 4 3 0 2 1076.66 0.645012 0.527773 2 2 1
0.436364 0 0 3 0 6 4 0 2 191.333 0.743022 0.700047 3 2 1
0.436364 0 0 2 0 3 2 0 3 935.498 0.567869 0.578444 7 2.14286 1
0.436364 0 0 2 0 2 3 0 3 932.397 0.803856 0.794093 6 2.33333 1
0.436364 0 0 1 0 11 5 0 3 25.4042 0.301242 0.295917 2 2.5 1
0.436364 0 0 2 0 1 1 0 3 2804.48 0.588075 0.673563 2 2.5 1
0.436364 3 2 0 0 1 1 0 2 2454.22 0.332553 0.367696 2 2 1
0.436364 3 2 1 0 3 2 0 2 737.759 0.386121 0.386121 1 2 1
0.436364 3 2 0 0 22 5 0 3 5577.3 0.835048 0.857628 2 2.5 1
0.436364 3 2 2 1 4 3 0 2 4111.5 0.936421 0.936421 1 2 1
0.436364 3 2 3 0 3 2 0 3 17.8285 0.49397 0.49397 1 3 1
0.436364 3 2 2 1 4 3 0 0 0 0 0 0 0 1
0.436364 3 2 2 0 4 3 0 0 0 0 0 0 0 1
0.436364 3 1 0 0 12 5 1 0 0 0 0 0 0 1
0.436364 3 1 3 0 1 1 0 2 3078.49 0.682746 0.769833 4 2 1
0.436364 3 1 3 0 7 3 0 0 0 0 0 0 0 1
0.436364 3 1 0 0 1 1 0 0 0 0 0 0 0 1
0.436364 3 1 0 0 6 4 0 0 0 0 0 0 0 1
0.436364 3 1 1 0 4 3 0 2 1553.75 0.64954 0.64954 1 2 1
0.436364 3 1 0 0 1 1 0 0 0 0 0 0 0 2
0.436364 3 0 3 0 8 2 1 0 0 0 0 0 0 1
0.436364 3 0 0 0 1 1 0 0 0 0 0 0 0 2
0.436364 3 0 1 1 3 2 0 2 685.794 0.121041 0.560219 7 2 1
0.436364 3 0 0 0 1 1 0 2 140.676 0.474309 0.474309 1 2 1
0.436364 3 0 3 0 12 5 0 0 0 0 0 0 0 2
0.436364 3 0 0 0 1 1 0 0 0 0 0 0 0 1
0.436364 3 2 2 0 3 2 0 2 1270.72 0.864972 0.77466 2 2 1
0.436364 3 1 3 1 2 3 0 0 0 0 0 0 0 1
0.436364 3 1 1 0 2 3 0 2 26.1757 0.945775 0.685174 12 2 1
0.436364 3 2 3 2 7 3 0 0 0 0 0 0 0 2
0.436364 3 2 3 0 1 1 0 2 688.67 0.722126 0.623658 7 2 1
0.436364 3 2 2 0 1 1 0 3 1099.02 0.38097 0.526318 3 2.33333 1
0.436364 3 2 0 0 2 3 0 2 4.87083 0.880327 0.756951 3 2 1
0.436364 3 2 0 1 6 4 0 3 8382.29 0.451253 0.687502 7 2.14286 1
0.436364 3 1 0 0 3 2 0 3 400.233 0.933548 0.933548 1 3 1
0.436364 3 1 3 0 6 4 0 3 2013.09 0.423963 0.617986 7 2.28571 1
0.436364 3 1 3 0 6 4 0 3 8775.34 0.728162 0.619389 12 2.08333 1
0.436364 3 1 0 1 3 2 0 2 3.00972 0.923495 0.799293 7 2 1
0.436364 3 1 3 0 1 1 0 3 8187.28 0.818593 0.858758 4 2.25 1
0.436364 3 1 2 0 7 3 0 4 4133.59 0.845656 0.741163 4 2.75 1
0.436364 3 1 0 0 2 3 0 3 8789.47 0.418388 0.589998 8 2.125 1
0.436364 3 1 0 0 2 3 0 2 34.8285 0.529524 0.653756 6 2 1
0.436364 3 1 3 0 5 3 0 3 358.857 0.8857 0.610294 34 2.11765 1
0.436364 3 1 2 0 3 2 0 3 729.996 0.638511 0.722134 2 3 1
0.436364 3 1 3 0 1 1 0 3 298.667 0.286046 0.493268 20 2.2 2
0.436364 3 0 2 0 1 1 1 3 295.322 0.897343 0.84985 18 2.27778 1
0.436364 3 0 1 0 2 3 0 0 0 0 0 0 0 1
0.436364 2 2 2 0 1 1 0 2 6385.1 0.913826 0.913826 1 2 1
0.436364 2 2 0 0 9 2 0 2 1749.86 0.982258 0.764941 2 2 1
0.436364 2 2 0 1 18 3 0 4 8757.35 0.171702 0.572977 28 2.64286 1
0.436364 2 1 0 0 6 4 0 3 3699.58 0.590912 0.762728 4 2.25 1
0.436364 2 1 0 0 12 5 0 2 2479.28 0.197534 0.197534 1 2 2
0.436364 2 1 3 0 1 1 0 3 143.259 0.870227 0.766324 9 2.11111 1
0.436364 2 1 3 0 6 4 0 3 139.462 0.79876 0.647614 14 2.07143 1
0.436364 2 1 0 0 1 1 0 2 230.088 0.845733 0.752524 7 2 1
0.436364 2 1 0 0 10 3 0 3 789.038 0.776738 0.720262 24 2.08333 1
0.436364 2 0 2 0 8 2 0 2 484.745 0.614904 0.614904 1 2 1
0.436364 2 0 2 0 6 4 0 3 137.058 0.425464 0.637534 15 2.06667 1
0.436364 2 0 2 0 8 2 0 2 1377.85 0.880893 0.722749 2 2 2
0.436364 2 0 0 0 6 4 0 3 321.079 0.561877 0.579396 33 2.15152 1
0.436364 2 0 2 0 11 5 0 0 0 0 0 0 0 1
0.436364 2 0 3 0 14 6 0 2 3309.32 0.945596 0.754398 2 2 2
0.436364 2 2 2 0 6 4 0 2 2079.72 0.876301 0.876301 1 2 1
0.436364 2 2 2 0 3 2 0 2 3656.24 0.806784 0.806784 1 2 1
0.436364 2 2 2 0 2 3 0 2 355.628 0.400176 0.616112 3 2 1
0.436364 2 2 0 0 4 3 0 3 7566.05 0.478937 0.687358 7 2.14286 1
0.436364 2 2 3 0 5 3 0 0 0 0 0 0 0 1
0.436364 2 1 3 0 12 5 0 3 4312.33 0.280061 0.475649 5 2.2 1
0.436364 2 1 3 0 6 4 0 3 4656.7 0.735499 0.76606 15 2.13333 1
0.436364 2 1 3 0 1 1 1 2 2657.91 0.62951 0.62951 1 2 1
0.436364 2 1 1 0 1 1 2 2 76.5049 0.759744 0.769909 2 2 1
0.436364 2 1 3 1 18 3 0 3 18.1146 0.842276 0.612683 25 2.24 1
0.436364 2 1 0 0 2 3 0 2 3487.08 0.915965 0.915965 1 2 1
0.436364 2 1 0 0 1 1 0 3 5071.63 0.69642 0.75134 11 2.27273 1
0.436364 2 0 0 0 7 3 0 3 8717.49 0.457255 0.583383 6 2.16667 1
0.436364 2 0 1 0 1 1 0 3 3314.95 0.865585 0.795196 13 2.15385 1
0.436364 2 2 0 0 7 3 0 3 820.77 0.908427 0.821686 3 2.33333 1
0.436364 2 2 3 0 1 1 0 2 6448.44 0.948265 0.948265 1 2 1
0.436364 2 2 2 0 1 1 0 3 3624.58 0.481976 0.642313 15 2.2 2
0.436364 2 2 0 0 6 4 0 3 991.555 0.473872 0.818841 6 2.5 1
0.436364 2 1 1 0 1 1 0 2 930.687 0.182362 0.541184 7 2 1
0.436364 2 1 1 0 6 4 0 2 462.799 0.638888 0.638888 1 2 1
0.436364 2 1 2 0 6 4 0 0 0 0 0 0 0 1
0.436364 2 1 2 0 14 6 0 0 0 0 0 0 0 1
0.436364 2 1 1 0 1 1 0 3 1358.58 0.92581 0.737463 11 2.09091 1
0.436364 2 1 0 0 6 4 0 2 1.87361 0.550415 0.677698 5 2 1
0.436364 2 1 0 0 1 1 0 2 990.984 0.802335 0.629364 2 2 1
0.436364 2 1 0 0 1 1 0 2 497.06 0.961206 0.525962 3 2 1
0.436364 2 0 3 0 1 1 0 2 1415.06 0.500997 0.490256 2 2 1
0.436364 2 0 2 0 5 3 0 2 141.776 0.0378235 0.313312 7 2 1
0.436364 2 0 2 0 6 4 1 4 11.7431 0.977201 0.75843 5 2.6 1
0.436364 2 0 3 0 19 5 0 2 63.1597 0.870836 0.823407 6 2 2
0.436364 2 0 3 1 1 1 1 3 3140.23 0.905512 0.768988 3 2.33333 1
0.436364 2 0 2 0 3 2 1 3 1863.96 0.317919 0.683249 14 2.21429 1
0.436364 2 0 0 0 8 2 1 0 0 0 0 0 0 1
0.436364 1 2 2 0 6 4 2 3 2317.86 0.710033 0.692799 2 2.5 1
0.436364 1 2 1 0 3 2 1 3 1983.11 0.661004 0.627349 10 2.2 1
0.436364 1 2 1 0 8 2 3 0 0 0 0 0 0 1
0.436364 1 2 1 0 6 4 1 0 0 0 0 0 0 1
0.436364 1 2 3 0 3 2 0 3 4087.45 0.260949 0.599988 8 2.375 1
0.436364 1 2 2 0 6 4 0 2 284.025 0.785037 0.785037 1 2 1
0.436364 1 2 1 0 3 2 0 3 5968.98 0.0755348 0.491601 2 2.5 1
0.436364 1 2 0 0 6 4 0 3 8661.62 0.700761 0.669931 13 2.07692 1
0.436364 1 2 3 0 6 4 0 3 1339.95 0.488369 0.485448 8 2.125 1
0.436364 1 2 3 0 6 4 0 2 0.794444 0.788218 0.519781 4 2 1
0.436364 1 2 2 0 6 4 0 2 5278.41 0.547395 0.725236 2 2 1
0.436364 1 2 0 0 6 4 0 0 0 0 0 0 0 1
0.436364 1 2 0 0 6 4 0 3 1339.51 0.278078 0.480619 7 2.14286 1
0.436364 1 2 0 0 6 4 0 3 4555.45 0.334291 0.480373 3 2.33333 1
0.436364 1 2 3 0 6 4 1 3 4616.54 0.904416 0.904416 1 3 1
0.436364 1 2 3 0 6 4 1 3 1339.12 0.914178 0.72062 8 2.125 1
0.436364 1 2 3 0 6 4 0 0 0 0 0 0 0 1
0.436364 1 2 1 0 6 4 0 2 112.54 0.324378 0.324378 1 2 1
0.436364 1 2 0 0 6 4 1 3 5408.88 0.777322 0.632028 2 2.5 1
0.436364 1 2 3 0 6 4 1 3 1338.1 0.99906 0.964455 2 2.5 2
0.436364 1 1 2 0 6 4 0 2 2901.95 0.953546 0.953546 1 2 1
0.436364 1 1 2 0 15 7 0 0 0 0 0 0 0 2
0.436364 1 1 0 0 3 2 0 3 1807.3 0.35784 0.520957 5 2.2 1
0.436364 1 1 2 0 12 5 1 3 4583.8 0.88455 0.710607 3 2.33333 1
0.436364 1 1 3 0 1 1 1 0 0 0 0 0 0 1
0.436364 1 1 0 0 2 3 1 2 1247.36 0.901262 0.784851 3 2 1
0.436364 1 0 3 0 1 1 1 3 4538.16 0.481285 0.665663 6 2.33333 1
0.436364 1 0 0 0 6 4 0 3 1897.94 0.55593 0.570142 10 2.2 1
0.436364 1 0 0 1 4 3 0 3 2258.74 0.236228 0.484669 13 2.15385 1
0.436364 1 0 1 1 5 3 1 3 1202.56 0.535125 0.421553 5 2.2 2
0.436364 1 0 1 0 7 3 0 2 115.017 0.980215 0.723654 7 2 1
0.436364 1 2 3 0 8 2 0 2 79.9549 0.457843 0.636277 7 2 1
0.436364 1 2 1 1 7 3 0 2 5696.04 0.66145 0.66145 1 2 1
0.436364 1 2 2 1 2 3 0 0 0 0 0 0 0 2
0.436364 1 2 3 0 1 1 0 2 209.395 0.449607 0.678279 3 2 1
0.436364 1 2 0 0 6 4 0 4 8642.2 0.334517 0.66801 25 2.68 1
0.436364 1 2 2 0 6 4 0 2 6328.88 0.979588 0.979588 1 2 1
0.436364 1 2 3 0 3 2 0 3 590.494 0.971197 0.604715 3 2.33333 1
0.436364 1 2 2 0 1 1 0 3 3673.39 0.914371 0.58155 4 2.5 1
0.436364 1 1 1 0 1 1 0 3 27.9132 0.963955 0.514842 10 2.1 1
0.436364 1 1 1 0 2 3 0 0 0 0 0 0 0 1
0.436364 1 1 3 0 3 2 0 3 211.881 0.439584 0.550252 35 2.14286 1
0.454545 2 2 3 0 7 3 0 4 9121.52 0.642467 0.636472 30 2.3 1
0.454545 2 2 0 0 22 5 0 3 340.316 0.572857 0.449648 33 2.18182 1
0.454545 2 2 0 3 4 3 0 4 9118.08 0.0999937 0.476349 45 2.42222 2
0.454545 2 1 2 0 1 1 0 0 0 0 0 0 0 1
0.454545 2 1 2 0 6 4 0 2 95.8479 0.684188 0.684188 1 2 1
0.454545 2 1 3 0 1 1 0 4 9114.91 0.267111 0.456976 43 2.44186 1
0.454545 2 1 0 0 8 2 0 4 9108.22 0.0956723 0.480072 42 2.45238 1
0.454545 2 0 0 0 1 1 0 2 1619.94 0.639991 0.639991 1 2 1
0.454545 2 0 1 0 3 2 0 4 9099.35 0.770191 0.681578 40 2.25 1
0.454545 2 0 0 0 3 2 0 4 9099.33 0.780805 0.701857 39 2.25641 1
0.454545 2 2 0 0 3 2 0 3 71.3507 0.350214 0.482545 9 2.22222 2
0.454545 2 2 2 2 2 3 0 0 0 0 0 0 0 2
0.454545 2 2 3 0 3 2 0 2 3463.83 0.574771 0.574771 1 2 2
0.454545 2 2 0 0 1 1 2 0 0 0 0 0 0 1
0.454545 2 2 2 0 1 1 0 4 67.6833 0.645108 0.633652 22 2.31818 1
0.454545 2 1 2 0 3 2 0 3 989.78 0.90557 0.705378 6 2.16667 1
0.454545 2 1 0 2 2 3 0 3 0.133333 0.554895 0.550514 13 2.38462 2
0.454545 2 1 0 0 3 2 0 4 63.0361 0.851927 0.607347 17 2.29412 2
0.454545 2 1 3 0 4 3 2 0 0 0 0 0 0 1
0.454545 2 1 3 0 4 3 2 0 0 0 0 0 0 1
0.454545 2 1 3 0 3 2 0 0 0 0 0 0 0 2
0.454545 2 1 1 0 3 2 0 4 8140.94 0.848705 0.636189 2 3 1
0.454545 2 0 2 0 3 2 0 3 4359.08 0.415183 0.686808 7 2.28571 2
0.454545 2 0 3 0 2 3 0 4 9075.99 0.53926 0.536562 42 2.45238 1
0.454545 2 0 2 0 3 2 0 2 65.8778 0.48788 0.288129 4 2 1
0.454545 2 0 0 0 3 2 0 4 4148.98 0.569827 0.624715 4 2.5 2
0.454545 2 0 2 0 3 2 0 3 4355.08 0.714586 0.54327 3 2.66667 1
0.454545 2 0 1 0 3 2 0 2 44.5146 0.429122 0.707988 9 2 1
0.454545 2 0 3 0 6 4 0 4 47.9694 0.803776 0.646269 18 2.27778 1
0.454545 2 0 2 0 11 5 0 3 682.566 0.747018 0.649775 3 2.33333 1
0.454545 2 2 0 1 18 3 0 2 6.08056 0.615008 0.453479 9 2 1
0.454545 2 2 0 0 3 2 0 3 38.1056 0.7695 0.680354 14 2.28571 1
0.454545 2 2 3 0 3 2 0 2 7360.18 0.773868 0.773868 1 2 1
0.454545 2 2 0 0 6 4 0 3 4090.07 0.741432 0.666117 8 2.125 1
0.454545 2 1 0 0 1 1 1 2 234.428 0.911123 0.704382 3 2 1
0.454545 2 1 1 0 3 2 0 3 2336.5 0.622061 0.73787 8 2.5 1
0.454545 2 1 3 0 3 2 0 3 2361.61 0.457282 0.548751 7 2.42857 1
0.454545 2 1 2 0 3 2 0 3 123.086 0.501344 0.660525 26 2.07692 1
0.454545 2 1 2 0 3 2 0 2 3817.59 0.673242 0.696803 2 2 1
0.454545 2 1 3 0 3 2 0 2 2024.8 0.469297 0.659376 4 2 1
0.454545 2 1 2 0 3 2 0 2 0.899306 0.613712 0.674074 8 2 1
0.454545 2 1 2 0 3 2 0 2 1428.53 0.886052 0.474207 6 2 1
0.454545 2 1 1 0 3 2 0 4 9051.46 0.156273 0.480515 39 2.48718 1
0.454545 2 1 0 0 3 2 0 3 272.254 0.460679 0.46267 34 2.14706 1
0.454545 2 1 3 0 3 2 0 3 4333.44 0.349747 0.636618 3 3 1
0.454545 2 0 3 0 1 1 0 4 23.7875 0.667323 0.676758 22 2.27273 1
0.454545 2 0 3 0 1 1 0 3 2340.42 0.384418 0.726723 3 2.33333 1
0.454545 2 0 3 0 8 2 0 3 1826.98 0.673192 0.698798 4 2.5 1
0.454545 2 0 2 0 8 2 0 0 0 0 0 0 0 1
0.454545 2 0 3 0 8 2 0 3 15.1576 0.587484 0.693758 17 2.29412 1
0.454545 2 0 2 0 3 2 0 3 16.6868 0.64988 0.560264 12 2.16667 1
0.454545 2 0 1 0 6 4 0 0 0 0 0 0 0 1
0.454545 2 0 3 1 1 1 0 0 0 0 0 0 0 1
0.454545 2 0 3 0 5 3 0 3 75.6604 0.15461 0.525986 13 2.15385 1
0.454545 1 2 2 1 4 3 0 3 9.80625 0.437484 0.532639 18 2.38889 1
0.454545 1 2 2 0 1 1 0 4 9035.49 0.225962 0.557792 27 2.33333 1
0.454545 1 2 0 0 3 2 0 3 9.19097 0.975043 0.875345 4 2.5 1
0.454545 1 2 2 0 6 4 0 0 0 0 0 0 0 1
0.454545 1 2 3 0 3 2 0 3 7.23958 0.176753 0.727071 9 2.22222 1
0.454545 1 2 0 0 3 2 0 3 3.63333 0.819191 0.707856 5 3 1
0.454545 1 2 0 0 3 2 1 3 251.276 0.130286 0.458409 35 2.2 1
0.454545 1 2 0 0 3 2 1 3 3.42361 0.423945 0.586152 14 2.42857 1
0.454545 1 2 3 0 8 2 0 2 3270.44 0.633333 0.571116 4 2 1
0.454545 1 2 3 0 3 2 0 3 3.18403 0.276122 0.516878 15 2.4 1
0.454545 1 2 2 0 3 2 0 3 3.82778 0.710991 0.665874 13 2.30769 1
0.454545 1 2 0 0 3 2 0 3 249.397 0.223897 0.427476 34 2.20588 1
0.454545 1 2 0 0 3 2 0 3 249.223 0.280518 0.424148 32 2.21875 1
0.454545 1 2 0 0 3 2 0 3 605.232 0.844825 0.756963 15 2.26667 1
0.454545 1 2 0 0 3 2 0 3 248.338 0.225063 0.435986 31 2.19355 1
0.454545 1 2 0 0 3 2 0 3 248.285 0.452589 0.409277 26 2.23077 1
0.454545 1 1 2 0 3 2 0 3 3.41042 0.321062 0.526203 12 2.41667 2
0.454545 1 1 2 0 1 1 0 3 3.01458 0.924333 0.600378 20 2.4 1
0.454545 1 1 3 0 3 2 0 3 4.08958 0.91015 0.785922 10 2.2 1
0.454545 1 1 1 0 1 1 0 4 9025.37 0.18376 0.541604 38 2.47368 1
0.454545 1 1 1 0 3 2 0 0 0 0 0 0 0 2
0.454545 1 1 0 0 3 2 0 3 0.4 0.608828 0.673441 10 2.2 1
0.454545 1 1 3 0 3 2 0 0 0 0 0 0 0 1
0.454545 1 1 3 0 3 2 0 3 1.64306 0.842145 0.698907 7 2.57143 2
0.454545 1 1 3 0 3 2 0 3 5.44236 0.484534 0.723552 6 2.16667 2
0.454545 1 1 1 0 3 2 0 0 0 0 0 0 0 1
0.454545 1 1 0 0 3 2 0 3 1.83333 0.471845 0.678646 10 2.3 1
0.454545 1 1 2 0 3 2 0 3 0.239583 0.701642 0.495828 13 2.46154 1
0.454545 1 1 2 0 3 2 0 3 0.23125 0.656781 0.564358 15 2.46667 1
0.454545 1 1 2 0 3 2 0 3 0.221528 0.95028 0.786213 11 2.27273 2
0.454545 1 1 0 0 3 2 0 3 0.00208333 0.580044 0.547092 11 2.54545 1
0.454545 1 1 0 0 3 2 0 3 1.71736 0.444719 0.524414 5 2.4 2
0.454545 1 1 0 0 3 2 0 3 0.9 0.708463 0.590781 9 2.44444 2
0.454545 1 1 0 0 3 2 0 3 0.888889 0.837212 0.610549 9 2.44444 1
0.454545 1 1 1 0 3 2 2 3 0.809722 0.912534 0.607147 11 2.36364 2
0.454545 1 1 0 0 3 2 1 2 5248.28 0.862841 0.862841 1 2 1
0.454545 1 1 3 0 3 2 0 0 0 0 0 0 0 1
0.454545 1 1 3 0 3 2 0 3 1092.59 0.0868284 0.486519 12 2.16667 2
0.454545 1 1 3 0 3 2 0 4 0.747917 0.675703 0.601799 6 2.33333 2
0.454545 1 1 2 0 3 2 0 3 1.60208 0.889297 0.668357 7 2.28571 2
0.454545 1 1 1 0 3 2 0 3 1.46667 0.474757 0.671633 5 2.4 1
0.454545 1 1 0 0 3 2 0 3 1.67361 0.205555 0.666123 8 2.25 1
0.454545 1 1 0 0 3 2 0 4 0.0895833 0.918623 0.683475 11 2.27273 1
0.454545 1 1 0 0 3 2 0 3 1.10556 0.283679 0.686177 5 2.6 1
0.454545 1 1 0 0 3 2 0 4 0.0319444 0.821819 0.674002 11 2.27273 1
0.454545 1 1 0 0 3 2 0 4 0.00347222 0.368598 0.58039 12 2.25 1
0.454545 1 1 0 0 3 2 0 2 0.0805556 0.357341 0.483125 9 2 2
0.454545 1 1 3 0 3 2 0 3 1.04167 0.894179 0.600837 4 2.5 1
0.454545 1 1 3 0 3 2 0 2 0.534722 0.511024 0.481608 7 2 1
0.454545 1 1 2 0 3 2 0 2 0.259722 0.968377 0.876196 4 2 1
0.454545 1 1 1 0 3 2 0 3 0.80625 0.934543 0.58371 7 2.14286 1
0.454545 1 1 0 0 3 2 0 3 241.333 0.238508 0.479325 29 2.17241 1
0.454545 1 1 3 0 3 2 0 3 225.21 0.800165 0.825615 2 2.5 2
0.454545 1 1 2 0 3 2 0 3 0.0576389 0.619214 0.818164 3 2.66667 1
0.454545 1 1 2 0 3 2 0 2 0.371528 0.997816 0.916115 2 2 2
0.454545 1 1 2 0 3 2 0 2 0.0993056 0.230982 0.491203 3 2 1
0.454545 1 1 2 0 3 2 0 3 0.0444444 0.383243 0.790913 10 2.4 1
0.454545 1 1 1 1 3 2 0 2 1515.4 0.820329 0.799386 3 2 2
0.454545 1 1 1 0 3 2 0 2 0.0756944 0.562241 0.665904 4 2 1
0.454545 1 1 0 0 3 2 0 2 0.111806 0.512287 0.656508 3 2 1
0.454545 1 1 0 0 3 2 0 2 0.0166667 0.210425 0.210425 1 2 1
0.454545 1 1 0 0 3 2 0 2 0.00972222 0.874941 0.874941 1 2 1
0.454545 1 1 0 0 3 2 0 0 0 0 0 0 0 1
0.454545 1 0 3 0 1 1 0 2 1592.09 0.407751 0.407751 1 2 1
0.454545 1 0 3 0 3 2 0 3 5354.22 0.975658 0.777389 3 2.33333 1
0.454545 1 0 3 0 3 2 1 2 13.975 0.58222 0.609231 3 2 1
0.454545 1 0 0 0 5 3 1 0 0 0 0 0 0 1
0.454545 1 2 0 0 3 2 0 3 4443.24 0.441854 0.728741 3 2.33333 1
0.454545 1 2 3 1 4 3 0 0 0 0 0 0 0 1
0.454545 1 2 0 0 1 1 1 4 9003.34 0.113595 0.516848 37 2.51351 1
0.454545 1 2 0 0 4 3 0 4 9002.29 0.0679884 0.535051 34 2.52941 1
0.454545 1 2 0 0 1 1 0 4 9001.21 0.179491 0.515797 35 2.54286 1
0.454545 1 2 3 0 1 1 0 2 21.934 0.0403892 0.525882 10 2 1
0.454545 1 2 0 1 1 1 0 4 8997.22 0.625442 0.658684 36 2.47222 1
0.454545 1 1 2 0 1 1 0 2 3814.74 0.363536 0.398108 2 2 1
0.454545 1 1 3 0 1 1 0 2 563.331 0.350079 0.307744 2 2 1
0.454545 1 1 3 1 1 1 0 0 0 0 0 0 0 1
0.454545 1 1 0 1 1 1 0 2 734.094 0.726354 0.484149 2 2 1
0.454545 1 1 0 0 6 4 0 2 78.9444 0.132573 0.132573 1 2 1
0.454545 1 1 0 0 12 5 0 3 24.0875 0.253129 0.525955 13 2.15385 1
0.454545 1 0 2 0 1 1 0 3 1250.94 0.780991 0.550992 5 2.4 1
0.454545 1 0 0 0 1 1 0 0 0 0 0 0 0 1
0.454545 1 0 0 0 1 1 1 3 562.11 0.324326 0.684544 25 2.2 1
0.454545 1 0 2 0 2 3 4 0 0 0 0 0 0 1
0.454545 1 0 2 0 7 3 0 0 0 0 0 0 0 1
0.454545 1 2 0 1 8 2 0 2 4.44792 0.791532 0.603374 9 2 1
0.454545 1 2 0 0 11 5 0 4 8975.24 0.145567 0.50153 30 2.6 1
0.454545 1 2 1 0 3 2 1 0 0 0 0 0 0 1
0.454545 1 2 3 0 1 1 0 0 0 0 0 0 0 1
0.454545 1 2 2 0 1 1 0 3 194.69 0.609444 0.437904 24 2.29167 1
0.454545 1 2 0 0 6 4 0 3 194.232 0.449619 0.515526 26 2.23077 1
0.454545 1 2 2 0 1 1 1 2 90.3694 0.836524 0.605497 14 2 1
0.454545 1 2 3 0 1 1 0 3 41.2396 0.853125 0.695371 26 2.34615 1
0.454545 1 2 1 0 1 1 0 3 8198.95 0.987393 0.987393 1 3 1
0.454545 1 1 3 0 1 1 0 2 585.099 0.95889 0.628762 3 2 1
0.454545 1 1 3 0 1 1 0 0 0 0 0 0 0 1
0.454545 1 1 0 0 1 1 0 3 32.4562 0.770978 0.549051 9 2.11111 2
0.454545 1 1 3 0 1 1 0 2 5600.55 0.926528 0.926528 1 2 1
0.454545 1 1 3 0 1 1 0 3 180.088 0.678345 0.728099 17 2.29412 1
0.454545 1 0 0 0 3 2 0 3 177.233 0.0531315 0.522098 25 2.28 1
0.454545 1 0 0 0 4 3 0 3 1248.25 0.636231 0.631552 3 2.66667 1
0.454545 1 0 3 0 2 3 0 2 2451.27 0.524187 0.524187 1 2 1
0.454545 1 0 1 0 1 1 0 2 120.063 0.603406 0.751378 3 2 1
0.454545 1 0 2 0 1 1 0 2 56.7924 0.358687 0.711869 9 2 1
0.454545 0 2 0 0 4 3 0 2 157.983 0.995834 0.797647 3 2 1
0.454545 0 2 3 0 7 3 0 3 5815.37 0.926664 0.423085 3 2.33333 2
0.454545 0 2 0 0 4 3 0 0 0 0 0 0 0 1
0.454545 0 1 0 0 2 3 0 3 153.402 0.811155 0.816843 19 2.52632 1
0.454545 0 1 0 0 18 3 0 2 117.763 0.908849 0.7131 6 2 1
0.454545 0 1 2 1 2 3 0 3 322.086 0.424774 0.64602 19 2.05263 2
0.454545 0 1 3 0 4 3 1 3 321.365 0.870159 0.579501 12 2.08333 1
0.454545 0 1 3 0 1 1 1 2 8115.39 0.683984 0.683984 1 2 1
0.454545 0 1 3 0 3 2 1 3 320.248 0.934431 0.649458 11 2.09091 1
0.454545 0 1 1 0 4 3 0 2 2969.48 0.646206 0.604294 5 2 1
0.454545 0 0 2 0 1 1 0 2 1655.72 0.741699 0.751829 4 2 1
0.454545 0 0 2 0 4 3 0 3 15.866 0.149963 0.645045 5 2.4 1
0.454545 0 0 3 0 1 1 1 0 0 0 0 0 0 1
0.454545 0 0 2 0 1 1 0 3 144.64 0.276874 0.46103 23 2.30435 1
0.454545 0 0 3 0 11 5 0 3 1283.58 0.239241 0.46255 5 2.4 1
0.454545 0 0 3 0 6 4 0 3 1282.45 0.455471 0.750213 7 2.28571 1
0.454545 0 0 3 0 1 1 0 3 1589.09 0.426993 0.656748 10 2.1 1
0.454545 0 0 2 0 1 1 0 3 991.511 0.491488 0.52246 10 2.1 1
0.454545 0 0 2 0 1 1 0 3 3792.04 0.503677 0.680408 2 2.5 1
0.454545 0 2 3 0 4 3 0 3 4268.12 0.849843 0.665369 10 2.4 1
0.454545 0 2 2 0 4 3 1 2 7101.16 0.647958 0.803128 2 2 1
0.454545 0 2 3 0 3 2 1 3 4299.77 0.821955 0.846225 3 2.33333 1
0.454545 0 2 2 1 3 2 1 0 0 0 0 0 0 2
0.454545 0 2 0 0 3 2 0 3 8067.18 0.351684 0.384054 2 2.5 1
0.454545 0 2 0 0 4 3 0 2 6166.2 0.716214 0.716214 1 2 1
0.454545 0 2 1 0 8 2 0 0 0 0 0 0 0 1
0.454545 0 2 3 0 4 3 0 2 855.192 0.890485 0.910829 2 2 1
0.454545 0 2 3 0 4 3 0 0 0 0 0 0 0 1
0.454545 0 2 0 0 8 2 0 3 4954.85 0.325909 0.582831 4 2.25 1
0.454545 0 2 2 0 1 1 0 2 38.0125 0.937084 0.779085 3 2 2
0.454545 0 2 0 0 2 3 0 2 465.777 0.971291 0.524925 4 2 1
0.454545 0 2 3 1 13 3 0 2 1637.74 0.389881 0.540426 3 2 2
0.454545 0 2 2 0 7 3 0 0 0 0 0 0 0 1
0.454545 0 2 2 0 1 1 0 3 8918.46 0.821788 0.751467 6 2.16667 1
0.454545 0 1 2 0 7 3 0 0 0 0 0 0 0 1
0.454545 0 1 0 0 3 2 0 3 8055.07 0.505088 0.505088 1 3 1
0.454545 0 1 3 0 3 2 0 3 3358.33 0.746022 0.590445 4 2.25 1
0.454545 0 1 2 0 4 3 0 3 968.312 0.350845 0.529031 9 2.22222 1
0.454545 0 1 0 1 4 3 0 0 0 0 0 0 0 1
0.454545 0 0 2 0 4 3 0 3 2677.25 0.38958 0.485888 3 2.33333 1
0.454545 0 0 0 0 3 2 0 2 4.09583 0.134794 0.285911 4 2 1
0.454545 0 0 0 0 7 3 0 4 8896.29 0.135283 0.616133 32 2.5625 1
0.454545 0 0 3 1 13 3 0 2 56.3389 0.270426 0.451236 2 2 2
0.454545 0 0 2 1 4 3 0 3 4277.46 0.809447 0.431897 2 2.5 1
0.454545 0 0 3 0 1 1 0 2 101.026 0.183173 0.654816 8 2 1
0.454545 0 0 3 1 4 3 0 2 714.73 0.347283 0.347283 1 2 1
0.454545 0 0 2 0 2 3 0 2 1553.35 0.790794 0.752309 3 2 1
0.454545 0 0 0 0 1 1 0 2 4.97222 0.31144 0.423191 3 2 1
0.454545 0 0 2 0 1 1 0 3 6178.74 0.996871 0.630799 3 2.33333 1
0.454545 0 0 0 0 3 2 0 3 4198.23 0.809498 0.656964 12 2.33333 1
0.454545 0 0 0 0 4 3 0 2 1340.92 0.71702 0.536887 2 2 1
0.454545 0 2 2 0 8 2 0 0 0 0 0 0 0 1
0.454545 0 2 3 0 1 1 0 2 777.812 0.51794 0.693772 3 2 1
0.454545 0 2 0 0 2 3 0 3 3634.66 0.374291 0.651059 4 2.25 1
0.454545 0 2 3 1 7 3 0 2 1914.91 0.795641 0.501005 5 2 1
0.454545 0 1 0 0 1 1 0 2 895.238 0.379338 0.643202 2 2 1
0.454545 0 1 0 1 4 3 0 0 0 0 0 0 0 1
0.454545 0 1 1 0 1 1 0 3 7946.27 0.746813 0.790913 3 2.33333 1
0.454545 0 1 0 1 2 3 0 3 7183.7 0.984033 0.733942 4 2.25 1
0.454545 0 1 0 0 1 1 0 3 3447.72 0.304157 0.263511 2 3 1
0.454545 0 1 0 0 1 1 0 0 0 0 0 0 0 2
0.454545 0 1 3 0 1 1 0 3 2069.44 0.288752 0.502365 2 2.5 1
0.454545 0 0 1 1 1 1 0 3 204.673 0.868067 0.646156 9 2.33333 1
0.454545 0 0 0 0 1 1 0 3 7877.87 0.978402 0.789881 2 2.5 1
0.454545 0 0 3 0 1 1 0 0 0 0 0 0 0 1
0.454545 0 0 0 0 3 2 0 3 4632.7 0.550581 0.672221 9 2.22222 1
0.454545 3 2 3 0 1 1 0 2 929.978 0.575599 0.784973 2 2 1
0.454545 3 2 0 1 6 4 0 2 637.894 0.652603 0.715355 5 2 1
0.454545 3 2 0 0 14 6 0 0 0 0 0 0 0 1
0.454545 3 1 3 0 3 2 0 2 536.774 0.485885 0.728188 2 2 1
0.454545 3 1 2 0 6 4 0 2 44.6507 0.875143 0.875143 1 2 1
0.454545 3 1 2 0 9 2 0 0 0 0 0 0 0 1
0.454545 3 1 0 0 2 3 0 3 51.7819 0.0967586 0.327999 33 2.12121 1
0.454545 3 1 3 0 1 1 0 0 0 0 0 0 0 1
0.454545 3 1 2 0 1 1 0 0 0 0 0 0 0 1
0.454545 3 1 3 0 4 3 0 3 175.333 0.71089 0.722295 5 2.2 1
0.454545 3 1 2 0 1 1 0 3 5165.48 0.399137 0.69745 8 2.125 1
0.454545 3 1 0 0 4 3 0 3 6791.37 0.874678 0.463504 2 2.5 1
0.454545 3 0 3 2 4 3 0 2 200.483 0.939572 0.593842 2 2 1
0.454545 3 0 2 0 13 3 0 3 2800.16 0.834057 0.703078 16 2.0625 1
0.454545 3 0 0 0 3 2 0 3 93.0674 0.917493 0.557839 13 2.30769 1
0.454545 3 0 3 0 5 3 0 3 4958.71 0.769237 0.820622 3 2.33333 1
0.454545 3 2 2 0 1 1 1 4 553.706 0.528901 0.774342 3 2.66667 1
0.454545 3 2 0 1 6 4 0 3 5214.6 0.989782 0.753854 5 2.2 1
0.454545 3 2 2 0 1 1 0 2 39.5347 0.564431 0.654398 6 2 1
0.454545 3 2 2 0 18 3 0 3 1963.76 0.0453851 0.597869 7 2.28571 2
0.454545 3 2 3 0 1 1 0 3 14.5583 0.604729 0.72002 34 2.11765 1
0.454545 3 2 2 0 1 1 0 3 1962.8 0.448906 0.523658 4 2.25 1
0.454545 3 2 2 0 1 1 0 4 60.3972 0.244427 0.484839 44 2.43182 1
0.454545 3 1 0 0 6 4 0 3 23.5868 0.442404 0.553737 30 2.1 1
0.454545 3 1 3 2 4 3 2 3 23.491 0.331333 0.515394 30 2.06667 1
0.454545 3 1 3 0 1 1 0 3 23.3708 0.145122 0.354183 31 2.12903 1
0.454545 3 1 0 0 1 1 0 3 78.9437 0.989112 0.577403 11 2.36364 1
0.454545 3 1 2 0 1 1 0 3 210.564 0.0673377 0.490943 14 2.14286 1
0.454545 3 1 0 0 1 1 0 0 0 0 0 0 0 1
0.454545 3 1 3 0 1 1 0 3 2204.88 0.841602 0.777732 2 2.5 1
0.454545 3 1 0 0 1 1 0 3 6.06736 0.715403 0.467211 39 2.20513 1
0.454545 3 1 3 0 1 1 0 3 2341.1 0.847416 0.66503 7 2.14286 1
0.454545 3 1 3 0 18 3 0 3 17.3146 0.0797835 0.359692 30 2.13333 1
0.454545 3 1 0 0 1 1 0 3 2340.56 0.705017 0.645887 6 2.16667 1
0.454545 3 1 3 0 6 4 0 2 5.14653 0.908273 0.68331 4 2 1
0.454545 3 1 3 0 1 1 0 3 14.4743 0.172196 0.386421 29 2.13793 1
0.454545 3 0 2 0 6 4 0 3 14.1 0.467937 0.625088 28 2.14286 1
0.454545 3 0 0 0 1 1 0 3 11.2153 0.856407 0.660989 3 2.33333 1
0.454545 3 0 2 0 1 1 0 3 12.1958 0.190847 0.430389 29 2.2069 1
0.454545 3 0 1 0 1 1 1 3 11.8729 0.131913 0.385314 25 2.12 1
0.454545 3 0 0 1 7 3 1 3 385.305 0.579937 0.557885 39 2.12821 2
0.454545 3 0 3 0 1 1 0 3 11.4944 0.315274 0.434032 23 2.13043 1
0.454545 3 0 0 0 1 1 0 3 10.8479 0.160313 0.425059 24 2.16667 1
0.454545 3 0 3 0 1 1 0 2 1.46667 0.989094 0.730581 2 2 1
0.454545 3 0 2 0 1 1 0 2 0.984028 0.801778 0.824618 2 2 1
0.454545 3 0 2 0 1 1 0 3 10.1618 0 0.429681 23 2.17391 1
0.454545 3 0 2 0 1 1 0 3 10.0632 0.0905294 0.43855 22 2.18182 1
0.454545 3 0 0 0 1 1 0 3 9.60417 0.10603 0.441342 21 2.19048 1
0.454545 3 0 3 0 1 1 0 0 0 0 0 0 0 1
0.454545 3 0 3 0 1 1 0 3 4447.95 0.920395 0.852429 5 2.2 1
0.454545 3 0 3 0 1 1 1 3 9.24931 0.138911 0.474166 20 2.2 1
0.454545 3 0 3 0 1 1 1 3 7.62431 0.472288 0.745519 3 2.33333 1
0.454545 3 0 2 0 1 1 0 3 9.15556 0.0562844 0.499813 18 2.22222 1
0.454545 3 0 0 0 1 1 1 3 7.15764 0.787651 0.563219 3 2.33333 1
0.454545 3 0 3 0 1 1 0 3 381.923 0.560974 0.489428 38 2.21053 1
0.454545 3 0 2 0 4 3 2 3 8.03889 0.16063 0.558724 20 2.3 1
0.454545 3 0 0 0 1 1 0 3 978.728 0.502937 0.690067 29 2.17241 1
0.454545 3 0 0 0 1 1 0 3 7.56042 0.133721 0.521209 17 2.23529 1
0.454545 3 0 3 0 1 1 0 3 7.36667 0.0582929 0.562207 16 2.25 1
0.454545 3 0 2 0 1 1 0 3 7.08333 0.198282 0.646422 17 2.35294 1
0.454545 3 0 1 0 1 1 0 3 6.89028 0.110785 0.621697 14 2.28571 1
0.454545 3 0 0 0 1 1 0 3 6.59653 0.0550633 0.654959 12 2.33333 1
0.454545 3 0 0 0 1 1 0 3 194.966 0.878543 0.802384 13 2.07692 1
0.454545 3 0 0 0 1 1 0 0 0 0 0 0 0 1
0.454545 3 0 3 0 1 1 0 3 3.70139 0.956499 0.880651 2 2.5 1
0.454545 3 0 3 0 1 1 0 3 6752.11 0.90872 0.90872 1 3 1
0.454545 3 0 3 0 1 1 0 2 4.35903 0.78685 0.78685 1 2 1
0.454545 3 0 3 0 1 1 0 3 3.67986 0.859761 0.859761 1 3 1
0.454545 3 0 3 1 6 4 0 4 38.784 0.231712 0.488239 47 2.42553 1
0.454545 3 2 1 0 14 6 0 4 38.3361 0.210649 0.47185 43 2.46512 1
0.454545 3 2 2 0 1 1 0 0 0 0 0 0 0 1
0.454545 3 2 0 0 1 1 0 2 867.989 0.559083 0.559083 1 2 1
0.454545 3 2 0 1 3 2 2 2 0.663194 0.519689 0.519689 1 2 2
0.454545 3 2 3 0 1 1 0 3 190.886 0.372371 0.591732 13 2.15385 1
0.454545 3 2 3 1 1 1 0 3 375.024 0.370432 0.487017 38 2.13158 1
0.454545 3 2 2 0 1 1 2 0 0 0 0 0 0 1
0.454545 3 2 1 0 1 1 2 0 0 0 0 0 0 1
0.454545 3 2 3 0 14 6 0 4 131.894 0.670864 0.604872 24 2.29167 1
0.454545 3 2 2 0 1 1 0 3 0.200694 0.551414 0.736085 11 2.36364 1
0.454545 3 2 2 0 1 1 0 3 9005.14 0.900721 0.74752 11 2.27273 2
0.454545 3 2 3 0 12 5 0 3 9004.54 0.756176 0.78669 11 2.36364 1
0.454545 3 2 3 2 4 3 0 2 3861.77 0.396657 0.45416 2 2 2
0.454545 3 1 3 0 1 1 0 4 123.987 0.390759 0.580288 13 2.23077 1
0.454545 3 1 0 0 1 1 0 3 1521.98 0.511795 0.511795 1 3 1
0.454545 3 1 3 0 3 2 0 2 5348.9 0.873379 0.513674 5 2 1
0.454545 3 1 3 0 3 2 0 3 42.691 0.930917 0.642171 11 2.36364 1
0.454545 3 1 3 0 7 3 0 2 138.79 0.15579 0.591523 11 2 1
0.454545 3 0 3 0 3 2 0 4 114.944 0.651996 0.721681 11 2.18182 1
0.454545 3 0 3 2 2 3 0 3 3924.63 0.645113 0.836303 3 2.33333 1
0.454545 3 0 3 0 1 1 0 0 0 0 0 0 0 1
0.454545 3 0 2 0 7 3 2 3 5722.99 0.506478 0.612773 2 2.5 1
0.454545 2 2 2 0 4 3 0 2 3176.45 0.940011 0.939058 3 2 1
0.454545 2 2 2 0 13 3 0 0 0 0 0 0 0 1
