14
471
0.109091 2 2 3 0 6 4 0 2 69.1063 0.139484 0.139484 1 2 1
0.109091 2 2 1 0 1 1 0 3 1859.15 0.494747 0.589406 4 2.25 1
0.109091 2 1 3 0 13 3 0 0 0 0 0 0 0 1
0.109091 2 1 2 0 1 1 0 0 0 0 0 0 0 1
0.109091 2 0 2 0 1 1 0 0 0 0 0 0 0 1
0.109091 2 0 2 1 13 3 0 3 1846.38 0.669923 0.674667 5 2.2 1
0.109091 2 0 2 0 1 1 0 0 0 0 0 0 0 1
0.109091 2 0 3 0 1 1 0 0 0 0 0 0 0 1
0.109091 1 2 0 0 1 1 0 0 0 0 0 0 0 1
0.109091 1 2 1 1 1 1 0 2 17.6299 0.306815 0.306815 1 2 1
0.109091 1 2 3 0 1 1 0 2 11.5854 0.296141 0.343719 3 2 1
0.109091 1 2 1 0 7 3 0 3 1706.09 0.509244 0.316595 3 2.33333 1
0.109091 1 2 0 1 1 1 0 0 0 0 0 0 0 1
0.109091 1 1 2 0 1 1 0 0 0 0 0 0 0 1
0.109091 1 1 0 0 1 1 0 0 0 0 0 0 0 1
0.109091 1 1 1 0 1 1 0 2 5.92431 0.847953 0.497136 2 2 1
0.109091 1 1 3 0 1 1 0 0 0 0 0 0 0 1
0.109091 1 1 1 0 5 3 0 3 1697.11 0.906274 0.906274 1 3 1
0.109091 1 1 2 0 1 1 0 0 0 0 0 0 0 1
0.109091 1 0 3 0 1 1 0 3 1694.49 0.618697 0.614881 3 2.66667 1
0.109091 1 0 3 1 1 1 0 0 0 0 0 0 0 1
0.109091 1 0 1 0 1 1 0 3 1817.22 0.864514 0.785943 3 2.33333 1
0.109091 1 0 2 0 6 4 0 3 1812.42 0.0811562 0.0811562 1 3 1
0.109091 1 0 0 0 4 3 0 0 0 0 0 0 0 2
0.109091 1 2 1 0 6 4 0 0 0 0 0 0 0 1
0.109091 1 1 3 0 1 1 0 0 0 0 0 0 0 1
0.109091 1 0 3 0 3 2 0 0 0 0 0 0 0 1
0.109091 1 0 0 3 4 3 1 0 0 0 0 0 0 2
0.109091 1 2 0 1 5 3 1 0 0 0 0 0 0 1
0.109091 1 1 2 0 1 1 0 0 0 0 0 0 0 1
0.109091 1 1 2 0 1 1 0 0 0 0 0 0 0 1
0.109091 1 0 3 0 5 3 0 0 0 0 0 0 0 1
0.109091 1 0 2 0 11 5 1 0 0 0 0 0 0 2
0.109091 0 1 1 0 6 4 0 0 0 0 0 0 0 2
0.109091 0 1 2 2 4 3 0 0 0 0 0 0 0 1
0.109091 0 0 2 1 1 1 0 2 866.616 0.333084 0.242755 2 2 1
0.109091 0 0 3 0 3 2 0 2 401.068 0.733956 0.733956 1 2 1
0.109091 0 0 3 0 5 3 1 0 0 0 0 0 0 1
0.109091 0 0 1 0 1 1 1 0 0 0 0 0 0 1
0.109091 0 0 3 1 7 3 0 0 0 0 0 0 0 2
0.109091 0 0 0 0 6 4 0 0 0 0 0 0 0 1
0.109091 0 2 2 0 1 1 0 0 0 0 0 0 0 1
0.109091 0 2 3 1 7 3 0 0 0 0 0 0 0 2
0.109091 0 1 1 1 3 2 0 2 198.905 0.268065 0.394557 2 2 1
0.109091 0 0 0 0 4 3 0 2 276.178 0.799696 0.799696 1 2 2
0.109091 0 0 1 0 3 2 0 0 0 0 0 0 0 1
0.109091 0 0 2 1 3 2 0 3 0.102778 0.97267 0.64377 11 2.54545 2
0.109091 0 0 1 0 3 2 0 3 2.55 0.499538 0.712376 7 2.42857 2
0.109091 0 0 3 0 3 2 0 3 181.269 0.85046 0.648344 4 2.25 2
0.109091 0 2 2 0 11 5 0 0 0 0 0 0 0 2
0.109091 0 2 0 0 8 2 0 0 0 0 0 0 0 2
0.109091 0 2 0 0 1 1 0 2 319.751 0.855796 0.855796 1 2 1
0.109091 0 1 2 0 3 2 0 0 0 0 0 0 0 1
0.109091 0 0 2 0 3 2 0 0 0 0 0 0 0 1
0.109091 0 0 0 0 6 4 0 2 1021.38 0.834445 0.834445 1 2 1
0.109091 3 2 2 0 1 1 0 0 0 0 0 0 0 1
0.109091 3 2 3 0 6 4 0 0 0 0 0 0 0 1
0.109091 3 2 2 0 6 4 0 0 0 0 0 0 0 1
0.109091 3 2 3 0 5 3 0 3 2246.93 0.459664 0.406555 7 2.28571 1
0.109091 3 2 1 0 4 3 0 0 0 0 0 0 0 1
0.109091 3 2 3 1 4 3 0 0 0 0 0 0 0 2
0.109091 3 2 3 0 1 1 0 2 831.499 0.545378 0.545378 1 2 1
0.109091 3 2 2 1 1 1 0 0 0 0 0 0 0 2
0.109091 3 1 1 0 1 1 0 0 0 0 0 0 0 1
0.109091 3 1 1 1 7 3 0 0 0 0 0 0 0 2
0.109091 3 1 2 0 6 4 1 0 0 0 0 0 0 1
0.109091 3 1 0 1 6 4 1 0 0 0 0 0 0 2
0.109091 3 1 3 0 5 3 1 0 0 0 0 0 0 1
0.109091 3 1 1 0 1 1 0 0 0 0 0 0 0 1
0.109091 3 1 0 0 1 1 0 0 0 0 0 0 0 1
0.109091 3 0 0 0 7 3 0 0 0 0 0 0 0 1
0.109091 3 0 2 2 2 3 0 0 0 0 0 0 0 2
0.109091 3 0 3 1 6 4 0 0 0 0 0 0 0 1
0.109091 3 2 0 0 7 3 0 3 91.5347 0.560464 0.811841 3 2.33333 1
0.109091 3 2 2 0 13 3 0 3 2187.43 0.906676 0.817587 8 2.25 1
0.109091 3 1 3 0 1 1 0 0 0 0 0 0 0 1
0.109091 3 1 3 2 2 3 0 2 131.107 0.437152 0.437152 1 2 2
0.109091 3 1 3 0 7 3 0 2 126.247 0.886266 0.886266 1 2 1
0.109091 3 1 0 1 7 3 0 3 1968.83 0.425806 0.516813 4 2.25 1
0.109091 3 0 2 0 1 1 0 0 0 0 0 0 0 2
0.109091 3 0 0 0 1 1 0 2 90.1229 0.572098 0.572098 1 2 1
0.109091 3 0 3 0 5 3 0 0 0 0 0 0 0 1
0.109091 3 0 1 1 7 3 0 0 0 0 0 0 0 2
0.109091 3 2 2 0 22 5 0 0 0 0 0 0 0 1
0.109091 3 2 3 0 1 1 0 0 0 0 0 0 0 1
0.109091 3 2 3 0 6 4 0 0 0 0 0 0 0 1
0.109091 3 1 3 0 1 1 0 0 0 0 0 0 0 1
0.109091 3 0 2 0 6 4 0 0 0 0 0 0 0 1
0.109091 3 0 2 0 1 1 0 0 0 0 0 0 0 1
0.109091 2 2 2 0 1 1 0 2 512.563 0.191735 0.191735 1 2 1
0.109091 2 2 2 0 1 1 0 0 0 0 0 0 0 1
0.109091 2 2 2 0 1 1 0 4 2281.46 0.835294 0.747893 6 3 1
0.109091 2 2 1 0 1 1 0 3 1920.21 0.617466 0.653118 5 2.2 1
0.109091 2 2 1 0 1 1 0 0 0 0 0 0 0 1
0.109091 2 1 2 3 4 3 0 0 0 0 0 0 0 2
0.109091 2 1 1 0 3 2 0 0 0 0 0 0 0 1
0.109091 2 1 3 2 1 1 0 0 0 0 0 0 0 1
0.109091 2 0 0 0 1 1 0 0 0 0 0 0 0 1
0.109091 2 2 2 0 1 1 0 0 0 0 0 0 0 1
0.109091 2 2 2 0 7 3 0 3 1767.36 0.967323 0.720269 5 2.4 2
0.109091 2 2 2 0 1 1 0 0 0 0 0 0 0 1
0.109091 2 1 1 1 3 2 0 0 0 0 0 0 0 2
0.109091 2 1 2 0 8 2 0 0 0 0 0 0 0 2
0.109091 2 1 1 0 1 1 0 0 0 0 0 0 0 2
0.109091 2 1 2 0 1 1 0 2 45.1042 0.886251 0.874115 2 2 1
0.109091 2 0 0 0 3 2 0 2 30.4111 0.982025 0.982025 1 2 1
0.109091 2 0 2 0 5 3 0 0 0 0 0 0 0 1
0.127273 2 0 2 0 3 2 0 0 0 0 0 0 0 1
0.127273 2 1 3 0 3 2 0 0 0 0 0 0 0 1
0.127273 2 1 1 0 7 3 0 3 327.023 0.561695 0.561695 1 3 1
0.127273 2 0 0 1 4 3 0 0 0 0 0 0 0 2
0.127273 1 2 2 0 1 1 0 0 0 0 0 0 0 1
0.127273 1 2 0 0 7 3 0 0 0 0 0 0 0 1
0.127273 1 1 2 0 1 1 0 0 0 0 0 0 0 1
0.127273 1 1 1 0 1 1 0 4 2541.42 0.62617 0.529862 14 3 2
0.127273 1 0 2 0 1 1 2 0 0 0 0 0 0 1
0.127273 1 2 1 0 3 2 0 0 0 0 0 0 0 1
0.127273 1 2 0 0 1 1 0 3 1753.84 0.750806 0.750806 1 3 1
0.127273 1 1 2 0 1 1 0 0 0 0 0 0 0 1
0.127273 1 1 2 2 1 1 0 0 0 0 0 0 0 2
0.127273 1 1 0 0 6 4 0 0 0 0 0 0 0 1
0.127273 1 0 3 0 1 1 1 0 0 0 0 0 0 1
0.127273 1 0 1 0 1 1 0 2 179.242 0.705185 0.578689 4 2 1
0.127273 1 0 0 0 6 4 0 0 0 0 0 0 0 1
0.127273 1 0 3 0 1 1 0 0 0 0 0 0 0 1
0.127273 1 2 1 1 2 3 0 2 162.531 0.289286 0.289286 1 2 1
0.127273 1 2 2 0 1 1 0 2 160.444 0.781656 0.693888 7 2 2
0.127273 1 0 0 0 1 1 0 0 0 0 0 0 0 1
0.127273 1 0 2 0 6 4 0 0 0 0 0 0 0 1
0.127273 0 1 0 0 1 1 0 0 0 0 0 0 0 1
0.127273 0 1 3 0 1 1 0 0 0 0 0 0 0 1
0.127273 0 2 2 0 1 1 2 0 0 0 0 0 0 1
0.127273 0 2 1 0 4 3 0 0 0 0 0 0 0 2
0.127273 0 2 2 1 3 2 0 0 0 0 0 0 0 2
0.127273 0 2 0 0 1 1 0 2 638.506 0.546726 0.546726 1 2 1
0.127273 0 1 3 1 7 3 0 0 0 0 0 0 0 1
0.127273 0 0 3 0 1 1 0 0 0 0 0 0 0 1
0.127273 0 0 3 0 1 1 0 0 0 0 0 0 0 1
0.127273 0 0 3 1 2 3 0 0 0 0 0 0 0 2
0.127273 0 0 2 0 3 2 0 0 0 0 0 0 0 1
0.127273 0 0 2 0 6 4 0 0 0 0 0 0 0 1
0.127273 3 1 0 0 1 1 0 0 0 0 0 0 0 1
0.127273 3 1 3 0 1 1 1 0 0 0 0 0 0 1
0.127273 3 0 0 0 3 2 0 3 438.489 0.141595 0.141595 1 3 1
0.127273 3 0 3 0 22 5 0 0 0 0 0 0 0 2
0.127273 3 0 1 0 1 1 0 3 2353.18 0.778841 0.777716 8 2.125 1
0.127273 3 2 2 0 6 4 0 0 0 0 0 0 0 1
0.127273 3 2 2 0 6 4 1 2 197.534 0.71454 0.71454 1 2 1
0.127273 3 2 1 0 6 4 0 0 0 0 0 0 0 1
0.127273 3 2 0 0 1 1 2 3 2107.53 0.180932 0.180932 1 3 1
0.127273 3 2 3 0 1 1 3 0 0 0 0 0 0 1
0.127273 3 2 1 0 4 3 2 0 0 0 0 0 0 2
0.127273 3 2 0 2 2 3 0 0 0 0 0 0 0 2
0.127273 3 1 3 0 13 3 1 0 0 0 0 0 0 1
0.127273 3 0 0 0 13 3 0 0 0 0 0 0 0 1
0.127273 3 0 1 1 8 2 0 3 1520.13 0.958313 0.920656 2 2.5 2
0.127273 3 0 3 0 2 3 0 0 0 0 0 0 0 1
0.127273 3 0 3 0 3 2 0 0 0 0 0 0 0 2
0.127273 3 0 3 0 3 2 0 0 0 0 0 0 0 1
0.127273 3 1 2 0 4 3 1 0 0 0 0 0 0 1
0.127273 3 1 1 0 1 1 0 0 0 0 0 0 0 1
0.127273 3 1 3 1 13 3 0 0 0 0 0 0 0 1
0.127273 3 0 2 0 4 3 0 0 0 0 0 0 0 1
0.127273 3 0 1 0 2 3 0 2 1369.56 0.892282 0.892282 1 2 1
0.127273 2 2 0 1 7 3 0 3 2520.17 0.652451 0.426453 8 2.25 2
0.127273 2 2 1 0 18 3 0 0 0 0 0 0 0 2
0.127273 2 0 1 0 1 1 0 0 0 0 0 0 0 1
0.127273 2 0 3 0 1 1 0 0 0 0 0 0 0 1
0.127273 2 0 0 0 1 1 0 0 0 0 0 0 0 1
0.127273 2 0 0 0 1 1 0 0 0 0 0 0 0 1
0.127273 2 2 1 0 1 1 0 0 0 0 0 0 0 1
0.145455 3 2 2 0 6 4 3 0 0 0 0 0 0 1
0.145455 3 2 2 0 1 1 0 0 0 0 0 0 0 1
0.145455 3 2 0 0 1 1 0 0 0 0 0 0 0 1
0.145455 3 1 3 0 22 5 0 0 0 0 0 0 0 1
0.145455 3 1 0 0 1 1 0 0 0 0 0 0 0 1
0.145455 3 1 3 0 6 4 0 2 159.201 0.686517 0.686517 1 2 1
0.145455 3 0 3 2 7 3 0 0 0 0 0 0 0 2
0.145455 3 2 3 0 1 1 0 2 176.162 0.980031 0.980031 1 2 1
0.145455 3 1 1 1 7 3 0 2 121.633 0.522847 0.522847 1 2 1
0.145455 3 1 2 0 4 3 0 0 0 0 0 0 0 1
0.145455 3 1 0 0 1 1 0 2 254.023 0.545275 0.545275 1 2 2
0.145455 3 0 0 0 6 4 0 0 0 0 0 0 0 1
0.145455 3 0 3 1 4 3 0 2 2390.6 0.570373 0.570373 1 2 2
0.145455 3 0 1 0 1 1 0 0 0 0 0 0 0 1
0.145455 3 2 2 0 5 3 0 0 0 0 0 0 0 1
0.145455 3 1 2 0 1 1 0 3 2622.39 0.989368 0.989368 1 3 1
0.145455 3 1 3 0 1 1 0 0 0 0 0 0 0 1
0.145455 3 1 2 0 4 3 0 0 0 0 0 0 0 1
0.145455 3 0 3 0 1 1 0 0 0 0 0 0 0 1
0.145455 3 0 1 0 1 1 0 2 301.975 0.982772 0.849045 4 2 1
0.145455 2 2 3 0 3 2 0 4 2999.91 0.934232 0.715549 12 2.91667 2
0.145455 2 1 0 1 7 3 0 2 928.784 0.919213 0.889979 2 2 1
0.145455 2 1 3 1 7 3 0 0 0 0 0 0 0 1
0.145455 2 1 3 0 8 2 0 0 0 0 0 0 0 1
0.145455 2 0 0 0 1 1 0 3 2997.03 0.558349 0.640637 3 2.33333 1
0.145455 2 2 3 0 12 5 0 0 0 0 0 0 0 1
0.145455 2 2 0 1 8 2 0 0 0 0 0 0 0 1
0.145455 2 1 0 0 3 2 0 3 2483.9 0.300945 0.679403 4 2.25 1
0.145455 2 1 3 0 3 2 1 2 561.783 0.58789 0.773106 3 2 1
0.145455 2 1 2 0 3 2 0 0 0 0 0 0 0 1
0.145455 2 0 1 0 1 1 4 0 0 0 0 0 0 1
0.145455 2 2 0 0 7 3 1 0 0 0 0 0 0 1
0.145455 2 2 1 0 3 2 1 5 4.76875 0.062059 0.416765 6 2.5 1
0.145455 2 2 3 0 3 2 0 2 46.6549 0.705639 0.705639 1 2 1
0.145455 2 2 3 0 3 2 0 5 0.209028 0.738016 0.79201 5 2.6 1
0.145455 2 1 3 0 3 2 0 5 0.0625 0.218725 0.487837 4 2.75 1
0.145455 2 1 2 0 3 2 0 5 0.0159722 0.66859 0.572146 2 3.5 1
0.145455 2 1 2 0 3 2 0 2 1.34861 0.265255 0.405709 2 2 2
0.145455 2 1 0 0 7 3 0 0 0 0 0 0 0 1
0.145455 2 1 0 1 2 3 0 0 0 0 0 0 0 1
0.145455 2 1 0 0 3 2 0 2 12.3097 0.744128 0.744128 1 2 1
0.145455 2 1 3 1 1 1 0 2 2708.06 0.606327 0.606327 1 2 1
0.145455 2 0 0 0 3 2 0 0 0 0 0 0 0 1
0.145455 2 0 2 1 5 3 0 0 0 0 0 0 0 1
0.145455 1 2 3 1 4 3 0 0 0 0 0 0 0 1
0.145455 1 2 0 0 3 2 0 0 0 0 0 0 0 1
0.145455 1 2 2 1 5 3 0 0 0 0 0 0 0 1
0.145455 1 1 0 0 12 5 0 0 0 0 0 0 0 2
0.145455 1 1 3 1 7 3 0 0 0 0 0 0 0 1
0.145455 1 1 3 0 3 2 0 0 0 0 0 0 0 1
0.145455 1 1 0 0 3 2 0 0 0 0 0 0 0 1
0.145455 1 0 0 0 1 1 0 0 0 0 0 0 0 1
0.145455 1 0 3 1 3 2 3 0 0 0 0 0 0 1
0.145455 1 0 0 1 2 3 2 0 0 0 0 0 0 2
0.145455 1 2 1 0 3 2 4 2 2129.05 0.910261 0.910261 1 2 1
0.145455 1 1 3 1 7 3 0 0 0 0 0 0 0 1
0.145455 1 1 2 0 6 4 0 0 0 0 0 0 0 1
0.145455 1 1 1 0 6 4 1 3 1585.29 0.450739 0.450739 1 3 1
0.145455 1 1 2 1 3 2 2 0 0 0 0 0 0 1
0.145455 1 1 0 0 12 5 0 0 0 0 0 0 0 1
0.145455 1 1 0 0 3 2 0 0 0 0 0 0 0 1
0.145455 1 0 0 1 1 1 0 2 1186.53 0.872062 0.872062 1 2 2
0.145455 1 0 3 2 2 3 0 0 0 0 0 0 0 2
0.145455 1 0 0 1 3 2 0 0 0 0 0 0 0 1
0.145455 0 2 1 0 3 2 0 0 0 0 0 0 0 1
0.145455 0 0 3 0 7 3 0 0 0 0 0 0 0 1
0.145455 0 2 2 0 1 1 0 0 0 0 0 0 0 1
0.145455 0 2 0 0 1 1 0 0 0 0 0 0 0 1
0.145455 0 1 0 0 1 1 0 0 0 0 0 0 0 2
0.145455 0 1 0 0 6 4 0 0 0 0 0 0 0 1
0.145455 0 1 3 0 2 3 0 0 0 0 0 0 0 1
0.145455 0 1 3 0 1 1 0 0 0 0 0 0 0 2
0.145455 0 0 2 1 1 1 0 3 724.147 0.555471 0.783383 5 2.6 2
0.145455 0 0 1 0 1 1 0 3 2755.89 0.994832 0.994832 1 3 1
0.145455 0 2 2 0 9 2 0 0 0 0 0 0 0 2
0.145455 0 1 2 1 5 3 0 0 0 0 0 0 0 2
0.145455 0 0 2 0 1 1 0 0 0 0 0 0 0 1
0.145455 3 2 0 1 7 3 1 0 0 0 0 0 0 1
0.163636 1 2 3 0 11 5 0 2 37.8944 0.985906 0.985906 1 2 1
0.163636 1 2 2 0 12 5 0 0 0 0 0 0 0 1
0.163636 1 2 2 0 12 5 1 2 0.804861 0.16963 0.54286 2 2 2
0.163636 1 2 3 0 12 5 0 2 2148.45 0.758141 0.758141 1 2 1
0.163636 1 1 0 0 12 5 0 0 0 0 0 0 0 2
0.163636 1 1 0 0 6 4 0 0 0 0 0 0 0 2
0.163636 1 1 3 0 1 1 0 0 0 0 0 0 0 1
0.163636 1 1 0 0 2 3 0 0 0 0 0 0 0 2
0.163636 1 1 3 0 6 4 0 0 0 0 0 0 0 1
0.163636 1 0 2 0 25 3 0 2 974.1 0.0405906 0.0405906 1 2 1
0.163636 1 0 2 0 6 4 0 0 0 0 0 0 0 1
0.163636 1 2 2 0 11 5 0 0 0 0 0 0 0 1
0.163636 1 2 2 0 11 5 0 0 0 0 0 0 0 1
0.163636 1 2 2 0 11 5 1 0 0 0 0 0 0 1
0.163636 1 2 3 0 11 5 0 0 0 0 0 0 0 1
0.163636 1 1 1 0 12 5 0 0 0 0 0 0 0 2
0.163636 1 1 0 0 11 5 0 2 2109.72 0.786655 0.786655 1 2 1
0.163636 1 1 0 0 11 5 0 0 0 0 0 0 0 1
0.163636 1 0 2 0 1 1 0 0 0 0 0 0 0 1
0.163636 1 0 0 0 8 2 0 0 0 0 0 0 0 2
0.163636 1 2 3 0 3 2 1 0 0 0 0 0 0 1
0.163636 1 2 0 0 7 3 0 2 2456.63 0.557814 0.557814 1 2 1
0.163636 1 2 2 2 18 3 0 0 0 0 0 0 0 1
0.163636 1 1 3 0 3 2 0 3 888.356 0.950199 0.713808 2 2.5 1
0.163636 1 1 0 0 6 4 0 3 204.403 0.708609 0.623839 5 2.6 1
0.163636 1 1 3 1 10 3 0 0 0 0 0 0 0 1
0.163636 1 1 2 0 1 1 0 0 0 0 0 0 0 1
0.163636 1 1 1 0 4 3 0 0 0 0 0 0 0 1
0.163636 1 1 0 3 7 3 0 0 0 0 0 0 0 2
0.163636 1 0 3 0 6 4 0 3 2828.72 0.288406 0.579256 9 2.11111 2
0.163636 0 2 3 0 11 5 2 4 3182.79 0.619512 0.409581 17 3 2
0.163636 0 2 3 0 11 5 0 0 0 0 0 0 0 2
0.163636 0 2 2 0 1 1 3 2 939.029 0.47179 0.685483 3 2 1
0.163636 0 1 1 0 13 3 0 0 0 0 0 0 0 1
0.163636 0 0 0 0 1 1 0 0 0 0 0 0 0 1
0.163636 0 0 1 0 6 4 0 3 3149.03 0.951887 0.879199 4 2.25 1
0.163636 0 2 0 1 6 4 0 3 2196.61 0.934287 0.934287 1 3 1
0.163636 0 1 0 0 1 1 0 0 0 0 0 0 0 1
0.163636 0 2 0 0 1 1 0 0 0 0 0 0 0 1
0.163636 0 2 0 1 1 1 0 2 3071.94 0.697802 0.697802 1 2 2
0.163636 0 2 3 1 1 1 0 0 0 0 0 0 0 2
0.163636 0 2 0 0 1 1 0 0 0 0 0 0 0 1
0.163636 0 1 3 0 3 2 0 0 0 0 0 0 0 1
0.163636 3 1 1 0 6 4 0 0 0 0 0 0 0 1
0.163636 3 1 3 0 7 3 0 0 0 0 0 0 0 1
0.163636 3 1 3 0 1 1 0 3 41.6868 0.865493 0.865493 1 3 1
0.163636 3 0 3 0 11 5 0 3 152.431 0.675838 0.675838 1 3 1
0.163636 3 0 0 0 11 5 0 2 472.181 0.313482 0.610263 3 2 2
0.163636 3 0 1 0 5 3 0 2 1746.75 0.744021 0.592402 2 2 2
0.163636 3 0 0 1 8 2 0 0 0 0 0 0 0 2
0.163636 3 2 2 0 6 4 0 0 0 0 0 0 0 1
0.163636 3 1 2 0 1 1 0 0 0 0 0 0 0 1
0.163636 3 1 2 1 7 3 0 0 0 0 0 0 0 2
0.163636 3 0 2 0 12 5 1 0 0 0 0 0 0 1
0.163636 3 0 2 0 5 3 0 2 112.443 0.935737 0.935737 1 2 1
0.163636 3 0 0 1 8 2 0 0 0 0 0 0 0 2
0.163636 3 2 0 1 2 3 0 2 102.579 0.812283 0.812283 1 2 1
0.163636 3 2 0 0 6 4 1 0 0 0 0 0 0 1
0.163636 3 2 0 0 6 4 0 0 0 0 0 0 0 1
0.163636 3 2 3 0 7 3 0 3 1.43125 0.679331 0.668693 3 2.66667 1
0.163636 3 2 2 0 7 3 0 3 1.36389 0.626347 0.781498 3 2.66667 1
0.163636 3 2 1 0 11 5 0 3 0.41875 0.770812 0.733873 2 2.5 2
0.163636 3 2 3 0 7 3 2 2 1563.98 0.23487 0.23487 1 2 2
0.163636 3 1 0 1 18 3 1 0 0 0 0 0 0 2
0.163636 3 1 1 0 1 1 0 0 0 0 0 0 0 1
0.163636 3 1 1 0 1 1 0 0 0 0 0 0 0 1
0.163636 2 2 2 0 3 2 0 4 96.8674 0.724585 0.750111 3 2.66667 2
0.163636 2 2 2 0 1 1 0 3 10.5354 0.1143 0.578912 3 2.66667 1
0.163636 2 2 0 1 12 5 0 2 1132.69 0.628959 0.628959 1 2 1
0.163636 2 2 0 0 6 4 0 4 89.375 0.728549 0.808665 2 3 1
0.163636 2 2 0 0 1 1 0 0 0 0 0 0 0 2
0.163636 2 2 0 0 6 4 0 0 0 0 0 0 0 1
0.163636 2 1 2 0 1 1 0 2 458.444 0.751196 0.751196 1 2 1
0.163636 2 1 2 0 1 1 0 0 0 0 0 0 0 1
0.163636 2 1 2 0 7 3 0 2 609.792 0.841604 0.841604 1 2 1
0.163636 2 1 0 0 5 3 1 0 0 0 0 0 0 1
0.163636 2 1 0 0 11 5 0 3 304.972 0.772276 0.836606 2 2.5 2
0.163636 2 0 0 1 2 3 0 0 0 0 0 0 0 2
0.163636 2 0 0 0 6 4 0 0 0 0 0 0 0 1
0.163636 2 0 3 0 1 1 0 0 0 0 0 0 0 1
0.163636 2 0 2 0 6 4 0 2 45.4326 0.584701 0.383144 3 2 1
0.163636 2 0 3 0 1 1 0 2 961.242 0.925972 0.925972 1 2 1
0.163636 2 2 3 0 1 1 0 3 6.13611 0.386549 0.386549 1 3 1
0.163636 2 2 3 1 2 3 0 0 0 0 0 0 0 2
0.163636 2 2 0 0 1 1 0 0 0 0 0 0 0 2
0.163636 2 1 3 1 4 3 0 2 711.551 0.42936 0.42936 1 2 2
0.163636 2 1 0 1 7 3 0 0 0 0 0 0 0 1
0.163636 2 0 3 0 6 4 0 2 2635.67 0.78363 0.78363 1 2 1
0.163636 2 0 3 0 6 4 0 0 0 0 0 0 0 1
0.163636 2 0 3 0 12 5 0 0 0 0 0 0 0 2
0.163636 2 0 2 0 6 4 0 0 0 0 0 0 0 1
0.163636 2 0 0 0 1 1 0 0 0 0 0 0 0 1
0.163636 2 0 3 0 3 2 0 0 0 0 0 0 0 1
0.163636 2 2 3 0 1 1 0 0 0 0 0 0 0 1
0.163636 2 2 3 0 6 4 0 0 0 0 0 0 0 1
0.163636 2 2 2 0 1 1 0 3 2023.56 0.837634 0.815576 2 2.5 1
0.163636 2 1 0 0 3 2 0 2 1.15972 0.709963 0.850615 2 2 1
0.163636 2 1 3 1 6 4 0 2 0.938194 0.284158 0.619623 2 2 1
0.163636 2 1 3 0 6 4 0 0 0 0 0 0 0 1
0.163636 2 1 3 0 6 4 0 0 0 0 0 0 0 1
0.163636 2 1 0 0 6 4 0 2 2821.11 0.805966 0.805966 1 2 1
0.163636 2 1 3 0 7 3 0 2 0.957639 0.682916 0.682916 1 2 1
0.163636 2 1 3 0 6 4 0 0 0 0 0 0 0 1
0.163636 2 1 3 0 1 1 0 0 0 0 0 0 0 1
0.163636 2 1 2 0 6 4 0 0 0 0 0 0 0 1
0.163636 2 1 1 0 6 4 0 0 0 0 0 0 0 1
0.163636 2 0 2 0 12 5 0 0 0 0 0 0 0 2
0.163636 2 0 3 0 6 4 0 3 237.968 0.611971 0.589536 2 2.5 1
0.163636 2 0 2 0 6 4 0 0 0 0 0 0 0 1
0.163636 2 0 3 0 6 4 0 0 0 0 0 0 0 2
0.163636 2 0 0 0 11 5 0 0 0 0 0 0 0 1
0.181818 2 0 2 0 3 2 0 2 405.824 0.132928 0.132928 1 2 2
0.181818 2 2 0 0 12 5 0 0 0 0 0 0 0 1
0.181818 2 2 2 0 3 2 1 0 0 0 0 0 0 2
0.181818 2 1 3 0 2 3 0 0 0 0 0 0 0 2
0.181818 2 1 3 0 12 5 0 0 0 0 0 0 0 1
0.181818 2 1 2 2 4 3 2 3 215.383 0.83847 0.669188 4 2.25 2
0.181818 2 0 2 0 12 5 0 0 0 0 0 0 0 1
0.181818 1 1 1 0 1 1 0 0 0 0 0 0 0 1
0.181818 1 1 2 1 1 1 0 0 0 0 0 0 0 2
0.181818 1 1 0 0 3 2 0 2 72.1229 0.969939 0.945593 2 2 1
0.181818 1 1 2 0 5 3 2 3 1367.83 0.707601 0.477832 8 2.25 2
0.181818 1 1 1 0 3 2 1 0 0 0 0 0 0 1
0.181818 1 0 0 0 7 3 0 0 0 0 0 0 0 2
0.181818 1 0 3 0 1 1 0 3 182.584 0.867697 0.647502 4 2.25 2
0.181818 1 0 0 0 8 2 0 0 0 0 0 0 0 2
0.181818 1 2 3 0 6 4 0 3 3541.82 0.511786 0.646407 2 3 1
0.181818 1 1 0 0 1 1 0 0 0 0 0 0 0 1
0.181818 1 1 2 0 4 3 2 0 0 0 0 0 0 2
0.181818 1 0 0 0 6 4 0 0 0 0 0 0 0 1
0.181818 1 0 0 0 7 3 0 0 0 0 0 0 0 1
0.181818 1 0 3 0 7 3 0 3 90.6 0.771963 0.457142 2 2.5 1
0.181818 1 0 3 0 7 3 0 0 0 0 0 0 0 1
0.181818 1 1 3 0 7 3 0 3 373.999 0.830429 0.61423 8 2.125 1
0.181818 1 0 1 0 7 3 0 3 369.482 0.385522 0.683453 13 2.15385 1
0.181818 1 0 3 0 3 2 0 0 0 0 0 0 0 1
0.181818 1 0 0 0 1 1 0 0 0 0 0 0 0 2
0.181818 1 0 0 1 6 4 0 4 63.1243 0.733919 0.550832 3 3 1
0.181818 0 2 0 0 7 3 0 2 229.301 0.614218 0.54547 2 2 1
0.181818 0 1 1 0 6 4 0 0 0 0 0 0 0 1
0.181818 0 1 0 0 1 1 0 4 47.1743 0.923644 0.872954 2 3 1
0.181818 0 1 3 0 1 1 0 2 615.816 0.965486 0.95869 2 2 1
0.181818 0 0 3 0 7 3 0 0 0 0 0 0 0 1
0.181818 0 0 0 0 1 1 0 0 0 0 0 0 0 2
0.181818 0 0 3 0 6 4 0 3 1184.06 0.876733 0.892492 2 2.5 1
0.181818 0 2 0 0 5 3 0 2 1290.25 0.621078 0.569468 2 2 2
0.181818 0 1 3 0 3 2 0 4 13.0201 0.267798 0.526092 2 3 2
0.181818 0 1 3 0 3 2 0 2 2003.22 0.840268 0.840268 1 2 2
0.181818 0 0 0 0 6 4 0 0 0 0 0 0 0 1
0.181818 0 2 2 0 12 5 0 3 213.138 0.345405 0.345405 1 3 1
0.181818 0 1 3 0 1 1 1 0 0 0 0 0 0 1
0.181818 0 1 0 0 3 2 0 0 0 0 0 0 0 1
0.181818 0 0 2 0 2 3 0 2 87.1014 0.56585 0.56585 1 2 2
0.181818 0 0 3 0 1 1 0 0 0 0 0 0 0 1
0.181818 3 2 1 0 1 1 0 2 60.3403 0.972781 0.920124 2 2 1
0.181818 3 2 3 0 1 1 0 0 0 0 0 0 0 1
0.181818 3 2 3 0 7 3 0 0 0 0 0 0 0 2
0.181818 3 2 3 0 6 4 1 3 546.737 0.52314 0.52314 1 3 1
0.181818 3 2 2 0 6 4 0 0 0 0 0 0 0 1
0.181818 3 1 1 0 3 2 0 0 0 0 0 0 0 1
0.181818 3 1 3 0 6 4 0 2 1787.9 0.467078 0.541532 3 2 1
0.181818 3 1 3 0 6 4 0 0 0 0 0 0 0 1
0.181818 3 0 2 0 3 2 0 0 0 0 0 0 0 1
0.181818 3 0 0 0 6 4 0 2 798.951 0.803525 0.835605 2 2 1
0.181818 3 2 2 0 6 4 0 3 1424.3 0.720132 0.720132 1 3 1
0.181818 3 2 0 0 4 3 0 0 0 0 0 0 0 1
0.181818 3 2 1 0 1 1 0 3 5.46042 0.717904 0.629835 11 2.36364 1
0.181818 3 2 1 0 1 1 0 2 805.535 0.408511 0.408511 1 2 1
0.181818 3 2 3 0 5 3 2 0 0 0 0 0 0 2
0.181818 3 2 3 0 18 3 0 3 86.6785 0.426196 0.675499 10 2.2 2
0.181818 3 1 0 0 1 1 1 0 0 0 0 0 0 1
0.181818 3 1 3 0 13 3 1 0 0 0 0 0 0 1
0.181818 3 1 2 0 13 3 0 0 0 0 0 0 0 1
0.181818 3 1 3 0 6 4 0 0 0 0 0 0 0 1
0.181818 3 1 0 1 7 3 0 3 3367.56 0.851482 0.851482 1 3 2
0.181818 3 0 0 0 1 1 0 0 0 0 0 0 0 1
0.181818 3 0 2 0 6 4 0 2 1.27569 0.957275 0.838926 6 2 1
0.181818 3 0 1 0 1 1 0 4 52.1979 0.730045 0.601308 3 2.66667 1
0.181818 3 0 1 0 1 1 0 3 140.813 0.921227 0.715746 10 2.2 1
0.181818 3 0 3 0 3 2 0 3 144.573 0.728638 0.728638 1 3 1
0.181818 3 0 0 0 6 4 0 2 1017.55 0.597295 0.597295 1 2 1
0.181818 3 2 0 0 3 2 0 4 47.7813 0.507027 0.621314 6 2.5 1
0.181818 3 2 1 0 1 1 0 2 397.87 0.765216 0.861362 2 2 1
0.181818 3 2 3 0 1 1 0 2 342.3 0.389155 0.678525 2 2 1
0.181818 3 2 0 0 3 2 0 4 44.8062 0.749897 0.772483 4 3.25 1
0.181818 3 2 0 0 1 1 0 0 0 0 0 0 0 1
0.181818 3 2 0 0 3 2 0 4 263.04 0.964482 0.798089 7 2.42857 1
0.181818 3 1 1 0 3 2 0 0 0 0 0 0 0 1
0.181818 3 1 0 0 1 1 0 4 3360.79 0.47401 0.47401 1 4 1
0.181818 3 1 2 0 6 4 0 0 0 0 0 0 0 1
0.181818 3 0 2 0 1 1 0 0 0 0 0 0 0 1
0.181818 3 0 0 0 7 3 0 2 1487.84 0.997889 0.997889 1 2 1
0.181818 3 0 3 0 6 4 0 2 1083.35 0.902068 0.902068 1 2 1
0.181818 3 0 2 0 3 2 0 3 230.708 0.858222 0.691653 5 2.2 1
0.181818 3 0 1 0 1 1 0 3 112.651 0.46488 0.681198 4 2.25 1
0.181818 2 2 3 0 7 3 0 2 530.324 0.97685 0.97685 1 2 1
0.181818 2 1 0 0 3 2 0 3 35.2 0.678892 0.629396 2 2.5 2
0.181818 2 0 2 0 7 3 0 2 4.06181 0.551526 0.594692 3 2 1
0.181818 2 0 3 0 3 2 0 4 219.02 0.464328 0.599902 12 2.41667 1
0.181818 2 0 1 0 6 4 0 3 20.7792 0.141834 0.526025 6 2.5 1
0.181818 2 0 1 0 3 2 0 2 6.74861 0.986955 0.933037 3 2 1
0.181818 2 0 2 0 1 1 0 0 0 0 0 0 0 1
0.181818 2 2 0 0 6 4 0 3 626.108 0.693875 0.693875 1 3 1
0.181818 2 2 2 0 6 4 0 4 212.697 0.617097 0.558103 10 2.5 1
0.181818 2 2 0 0 1 1 0 3 1361.39 0.506851 0.815286 3 2.33333 2
0.181818 2 2 2 0 3 2 0 3 4.37153 0.191651 0.620166 7 2.28571 1
0.181818 2 2 0 0 6 4 0 4 207.289 0.199426 0.64212 9 2.66667 1
0.181818 2 2 0 0 6 4 0 4 206.316 0.91407 0.661606 8 2.5 2
0.181818 2 2 0 0 3 2 0 0 0 0 0 0 0 2
0.181818 2 1 0 0 3 2 0 0 0 0 0 0 0 1
0.181818 2 1 3 1 3 2 0 2 55.5799 0.838973 0.838973 1 2 2
0.181818 2 1 3 0 6 4 0 4 196.813 0.370234 0.540346 8 2.5 1
0.181818 2 1 2 0 3 2 0 3 9.50208 0.637919 0.567075 5 2.4 2
0.181818 2 1 0 0 6 4 0 0 0 0 0 0 0 1
0.181818 2 0 0 0 6 4 0 4 192.304 0.267525 0.602728 6 2.83333 1
0.181818 2 0 0 0 3 2 0 3 4.9125 0.721743 0.575607 3 2.66667 1
0.181818 2 0 3 0 6 4 0 3 349.849 0.936498 0.733459 3 2.33333 1
0.181818 2 0 0 0 3 2 0 4 188.238 0.703307 0.664923 6 2.5 2
0.181818 2 0 0 0 3 2 0 4 188.054 0.855346 0.855346 1 4 2
0.181818 2 0 0 1 3 2 0 3 2265.62 0.829844 0.861989 2 2.5 2
0.181818 2 0 2 0 3 2 0 3 2385.55 0.759747 0.759747 1 3 1
0.181818 2 0 3 0 6 4 0 0 0 0 0 0 0 1
