14
630
0.290909 1 2 3 0 6 4 0 0 0 0 0 0 0 1
0.290909 1 2 2 0 6 4 0 2 56.7667 0.400854 0.400854 1 2 1
0.290909 1 1 1 0 1 1 0 2 3604.83 0.809939 0.809939 1 2 1
0.290909 1 1 3 0 1 1 0 0 0 0 0 0 0 1
0.290909 1 1 0 0 1 1 0 3 4198.13 0.811083 0.811083 1 3 1
0.290909 1 1 2 0 5 3 0 3 1273.5 0.108179 0.71037 5 2.4 2
0.290909 1 1 2 0 12 5 0 3 177.43 0.618578 0.528325 16 2.0625 1
0.290909 1 0 0 0 1 1 0 2 121.342 0.0294951 0.0294951 1 2 1
0.290909 1 0 2 0 1 1 0 3 173.271 0.102179 0.306752 15 2.06667 1
0.290909 1 0 2 0 1 1 0 3 169.306 0.400039 0.402871 14 2.07143 1
0.290909 1 0 1 0 6 4 0 0 0 0 0 0 0 1
0.290909 1 0 0 0 6 4 0 2 2.62917 0.9338 0.781067 6 2 1
0.290909 1 0 0 1 5 3 0 2 361.737 0.986204 0.664205 3 2 2
0.290909 1 2 2 0 11 5 0 0 0 0 0 0 0 1
0.290909 1 2 2 0 6 4 0 0 0 0 0 0 0 1
0.290909 1 2 2 0 6 4 0 2 0.258333 0.849473 0.604988 8 2 1
0.290909 1 2 1 0 6 4 0 2 21.6715 0.856456 0.657404 6 2 1
0.290909 1 2 3 0 6 4 0 2 20.0403 0.317825 0.420794 7 2 1
0.290909 1 2 3 0 6 4 0 2 7.87361 0.796418 0.874811 2 2 1
0.290909 1 2 0 0 6 4 0 3 368.76 0.684 0.584756 7 2.14286 1
0.290909 1 2 1 1 6 4 0 3 1108.29 0.665901 0.829069 5 2.4 1
0.290909 1 1 3 0 6 4 0 0 0 0 0 0 0 1
0.290909 1 1 3 0 1 1 0 2 17.9208 0.31813 0.226629 2 2 1
0.290909 1 1 2 0 6 4 0 2 643.057 0.605195 0.639438 3 2 1
0.290909 1 1 2 0 6 4 0 2 4776 0.357821 0.357821 1 2 1
0.290909 1 0 3 0 6 4 0 2 5.70694 0.817797 0.460523 7 2 1
0.290909 1 0 0 1 7 3 0 2 3378.65 0.165759 0.165759 1 2 1
0.290909 1 2 0 0 6 4 0 2 0.784028 0.573206 0.563654 3 2 1
0.290909 1 2 3 0 6 4 0 2 5.85764 0.183004 0.458031 2 2 1
0.290909 1 2 0 0 6 4 0 2 0.336111 0.554 0.457759 5 2 1
0.290909 1 2 3 0 6 4 0 2 0.172917 0.169044 0.511845 4 2 1
0.290909 1 2 3 0 6 4 0 2 0.798611 0.788238 0.752363 3 2 1
0.290909 1 2 3 0 6 4 0 2 0.000694444 0.277293 0.455822 2 2 1
0.290909 1 2 3 0 1 1 0 2 2.45278 0.83991 0.83991 1 2 1
0.290909 1 2 1 0 3 2 0 2 447.196 0.534998 0.746689 5 2 1
0.290909 1 2 2 0 6 4 0 0 0 0 0 0 0 1
0.290909 1 2 3 0 6 4 0 2 1336.71 0.92418 0.947812 2 2 1
0.290909 1 2 3 0 6 4 0 2 0.0166667 0.891654 0.891654 1 2 1
0.290909 1 2 3 0 6 4 0 0 0 0 0 0 0 1
0.290909 1 1 2 0 1 1 0 3 2317.94 0.575145 0.575145 1 3 1
0.290909 1 1 0 0 1 1 0 0 0 0 0 0 0 2
0.290909 1 0 1 1 4 3 0 3 846.597 0.364444 0.550187 7 2.14286 2
0.290909 1 0 3 0 4 3 0 2 1488.51 0.987227 0.987227 1 2 1
0.290909 0 2 0 0 1 1 0 0 0 0 0 0 0 1
0.290909 0 2 3 0 1 1 0 3 117.79 0.522803 0.690706 5 2.4 1
0.290909 0 1 1 0 3 2 0 2 867.667 0.986223 0.615356 2 2 2
0.290909 0 1 2 0 3 2 0 2 2611.24 0.991038 0.991038 1 2 1
0.290909 0 1 1 0 11 5 0 0 0 0 0 0 0 1
0.290909 0 2 2 0 13 3 0 2 2337.83 0.779161 0.811492 2 2 1
0.290909 0 2 0 0 1 1 0 4 5674.96 0.826009 0.682291 20 2.45 1
0.290909 0 2 2 0 1 1 1 3 73.2146 0.197995 0.362025 13 2.07692 1
0.290909 0 2 3 0 7 3 0 4 743.672 0.203912 0.270464 2 3 1
0.290909 0 1 2 0 1 1 0 4 5665.4 0.709506 0.677027 20 2.45 1
0.290909 0 1 0 0 3 2 0 0 0 0 0 0 0 1
0.290909 0 0 3 0 12 5 1 3 55.4896 0.0311708 0.271757 12 2.08333 1
0.290909 0 0 2 0 12 5 1 0 0 0 0 0 0 1
0.290909 0 0 0 0 4 3 0 0 0 0 0 0 0 1
0.290909 0 0 3 0 12 5 2 3 52.7257 0.25268 0.273853 11 2.09091 1
0.290909 0 0 3 0 6 4 3 0 0 0 0 0 0 1
0.290909 0 0 3 0 4 3 0 0 0 0 0 0 0 1
0.290909 0 0 0 0 12 5 0 0 0 0 0 0 0 1
0.290909 0 2 3 1 7 3 0 0 0 0 0 0 0 1
0.290909 0 2 3 0 11 5 0 2 2015.87 0.412289 0.587815 2 2 1
0.290909 0 2 2 0 1 1 0 2 392.353 0.695745 0.695745 1 2 1
0.290909 0 2 0 0 8 2 0 0 0 0 0 0 0 1
0.290909 0 1 0 0 1 1 0 0 0 0 0 0 0 1
0.290909 0 1 3 0 22 5 0 3 1789.3 0.591856 0.654793 14 2.28571 2
0.290909 0 1 0 0 6 4 0 0 0 0 0 0 0 1
0.290909 0 1 0 0 6 4 0 3 1372.16 0.922632 0.683171 3 3 1
0.290909 0 1 2 0 7 3 0 0 0 0 0 0 0 1
0.290909 3 2 3 1 18 3 0 3 1.50764 0.906353 0.906353 1 3 2
0.290909 3 2 0 0 6 4 2 2 340.345 0.91212 0.694604 2 2 2
0.290909 3 1 1 0 4 3 0 2 1.37222 0.308148 0.308148 1 2 1
0.290909 3 1 0 0 1 1 0 0 0 0 0 0 0 1
0.290909 3 1 0 0 1 1 0 2 614.028 0.788306 0.864309 2 2 1
0.290909 3 1 0 0 1 1 0 2 576.562 0.779903 0.621335 2 2 1
0.290909 3 1 3 0 1 1 0 2 204.265 0.554391 0.53068 4 2 1
0.290909 3 1 3 0 1 1 0 2 1781.04 0.867624 0.867624 1 2 1
0.290909 3 1 3 0 5 3 0 2 2176.44 0.635807 0.53495 2 2 1
0.290909 3 1 3 0 6 4 0 2 157.703 0.939873 0.65014 9 2 1
0.290909 3 0 2 0 5 3 0 3 2956.65 0.707024 0.551282 6 2.5 2
0.290909 3 0 2 0 7 3 0 0 0 0 0 0 0 1
0.290909 3 0 2 1 7 3 0 2 47.9625 0.398961 0.398961 1 2 2
0.290909 3 2 0 0 7 3 0 3 346.893 0.485983 0.467037 18 2.05556 1
0.290909 3 2 3 0 1 1 0 3 346.694 0.418301 0.578224 16 2.0625 1
0.290909 3 2 3 0 1 1 0 3 1906.82 0.89447 0.636174 3 2.33333 1
0.290909 3 2 3 0 11 5 0 0 0 0 0 0 0 2
0.290909 3 2 0 0 4 3 0 0 0 0 0 0 0 1
0.290909 3 2 1 0 3 2 0 2 309.472 0.832866 0.832866 1 2 1
0.290909 3 1 2 0 1 1 0 3 67.666 0.616802 0.7079 6 2.16667 1
0.290909 3 1 0 0 6 4 0 2 3737.82 0.336511 0.336511 1 2 1
0.290909 3 1 3 0 1 1 2 3 1285.06 0.921017 0.765452 7 2.14286 1
0.290909 3 1 0 0 1 1 0 2 1918.82 0.498387 0.56885 2 2 1
0.290909 3 0 2 0 4 3 0 0 0 0 0 0 0 2
0.290909 3 0 3 0 3 2 0 0 0 0 0 0 0 1
0.290909 3 0 0 0 1 1 0 0 0 0 0 0 0 1
0.290909 3 0 0 0 1 1 0 0 0 0 0 0 0 1
0.290909 3 1 3 0 1 1 0 2 384.163 0.901539 0.589152 3 2 1
0.290909 3 1 3 0 7 3 0 0 0 0 0 0 0 1
0.290909 3 1 2 0 7 3 1 0 0 0 0 0 0 1
0.290909 3 1 2 0 7 3 0 0 0 0 0 0 0 1
0.290909 3 0 0 0 5 3 0 3 1042.78 0.281144 0.158013 2 2.5 1
0.290909 2 2 0 0 1 1 0 2 24.9806 0.41961 0.560453 3 2 1
0.290909 2 2 3 0 1 1 0 2 5012.4 0.684961 0.684961 1 2 1
0.290909 2 2 0 0 11 5 0 3 1363.48 0.970103 0.970103 1 3 1
0.290909 2 2 0 0 1 1 0 3 4297.24 0.696665 0.413056 2 2.5 1
0.290909 2 2 2 0 4 3 0 2 1657.38 0.556204 0.556204 1 2 1
0.290909 2 2 2 0 6 4 0 3 4559.64 0.941031 0.941031 1 3 1
0.290909 2 1 0 0 1 1 0 0 0 0 0 0 0 2
0.290909 2 1 0 0 1 1 0 2 1482.71 0.714249 0.604582 2 2 1
0.290909 2 1 0 0 6 4 0 2 599.994 0.952121 0.842921 2 2 1
0.290909 2 1 3 1 2 3 0 2 107.787 0.968555 0.700375 6 2 2
0.290909 2 0 0 0 7 3 0 2 343.444 0.161817 0.298822 2 2 1
0.290909 2 0 0 0 1 1 0 3 1658.3 0.995435 0.756655 4 2.5 1
0.290909 2 2 2 0 1 1 0 3 1897.31 0.716149 0.716149 1 3 1
0.290909 2 2 3 0 3 2 0 2 2638.85 0.879616 0.879616 1 2 1
0.290909 2 2 2 1 4 3 0 3 5856.74 0.919872 0.46043 4 2.5 1
0.290909 2 1 0 0 6 4 0 3 1261.88 0.920107 0.745918 2 2.5 1
0.290909 2 1 3 0 12 5 0 3 1884.66 0.616433 0.671989 3 2.33333 1
0.290909 2 0 0 0 7 3 0 3 2505.29 0.861968 0.593715 9 2.11111 1
0.290909 2 0 2 0 6 4 0 0 0 0 0 0 0 1
0.290909 2 0 2 0 1 1 0 2 20.5771 0.761371 0.770074 5 2 2
0.290909 2 2 3 1 18 3 0 2 177.829 0.453938 0.453938 1 2 2
0.290909 2 2 3 0 13 3 0 0 0 0 0 0 0 1
0.290909 2 2 3 0 3 2 0 2 2026.26 0.70249 0.70249 1 2 1
0.290909 2 1 2 0 6 4 0 3 1229.73 0.980349 0.792419 13 2.07692 1
0.290909 2 1 3 0 6 4 0 0 0 0 0 0 0 1
0.290909 2 1 3 0 6 4 0 3 1284.5 0.546453 0.803608 3 2.66667 1
0.290909 2 1 3 0 1 1 0 3 2290.66 0.722141 0.694311 4 2.25 1
0.290909 2 0 2 0 1 1 0 0 0 0 0 0 0 1
0.290909 2 0 3 0 1 1 0 2 2857.45 0.793448 0.793448 1 2 1
0.290909 2 0 2 0 1 1 0 2 1.43819 0.66197 0.66197 1 2 2
0.290909 2 0 0 0 6 4 0 2 34.741 0.704265 0.638761 8 2 1
0.290909 2 0 0 0 1 1 0 0 0 0 0 0 0 1
0.290909 2 0 0 0 4 3 0 3 2103.01 0.926387 0.632954 4 2.5 1
0.290909 2 0 0 0 3 2 0 3 758.735 0.184639 0.422846 2 2.5 1
0.290909 1 2 2 0 3 2 0 3 1347.19 0.177798 0.527596 2 3 1
0.290909 1 2 3 0 4 3 0 3 404.535 0.151641 0.527175 9 2.22222 1
0.290909 1 2 0 2 13 3 0 0 0 0 0 0 0 1
0.290909 1 2 3 0 1 1 0 2 8.42153 0.962229 0.59201 2 2 1
0.309091 0 1 2 0 7 3 0 4 6050.26 0.625984 0.650893 17 2.47059 1
0.309091 0 1 3 0 2 3 0 3 179.938 0.928044 0.532572 9 2.22222 1
0.309091 0 0 3 0 4 3 0 0 0 0 0 0 0 2
0.309091 0 0 0 0 1 1 0 2 3963.04 0.802721 0.802721 1 2 1
0.309091 0 2 1 0 3 2 0 0 0 0 0 0 0 1
0.309091 0 2 3 0 11 5 0 0 0 0 0 0 0 1
0.309091 0 2 0 0 3 2 0 3 4443.26 0.764709 0.607512 3 2.33333 1
0.309091 0 1 0 1 10 3 0 3 421.033 0.815283 0.655682 18 2.05556 2
0.309091 0 1 3 0 1 1 0 3 418.633 0.85215 0.681705 17 2.05882 1
0.309091 0 0 3 0 8 2 0 2 13.7944 0.644001 0.644001 1 2 2
0.309091 0 0 0 0 1 1 0 2 1355.6 0.757261 0.755934 3 2 1
0.309091 0 0 3 0 4 3 0 0 0 0 0 0 0 2
0.309091 0 2 1 0 4 3 0 3 3130.92 0.943964 0.943964 1 3 1
0.309091 0 2 2 0 2 3 0 0 0 0 0 0 0 2
0.309091 0 0 3 0 1 1 1 2 3600.84 0.502349 0.502349 1 2 1
0.309091 0 0 3 1 7 3 1 0 0 0 0 0 0 2
0.309091 0 0 2 0 3 2 0 3 3564.04 0.80444 0.662944 4 2.5 2
0.309091 3 2 0 1 3 2 0 0 0 0 0 0 0 2
0.309091 3 1 3 0 6 4 0 3 554.531 0.914407 0.684261 4 2.25 1
0.309091 3 0 0 0 1 1 0 2 1083.09 0.201602 0.201602 1 2 1
0.309091 3 0 1 0 3 2 0 0 0 0 0 0 0 1
0.309091 3 2 2 0 6 4 0 0 0 0 0 0 0 1
0.309091 3 0 3 0 6 4 0 0 0 0 0 0 0 1
0.309091 3 0 2 0 3 2 0 2 3560.31 0.72113 0.72113 1 2 1
0.309091 3 2 0 0 7 3 0 0 0 0 0 0 0 1
0.309091 3 2 0 0 1 1 0 3 3202.32 0.202071 0.485422 2 2.5 1
0.309091 3 2 0 0 6 4 0 2 704.283 0.587921 0.528428 3 2 1
0.309091 3 1 1 0 3 2 0 4 1338.23 0.867523 0.711922 3 2.66667 1
0.309091 3 0 1 0 5 3 2 0 0 0 0 0 0 2
0.309091 3 0 2 0 7 3 0 0 0 0 0 0 0 1
0.309091 3 0 2 0 1 1 0 2 1115.28 0.70153 0.70153 1 2 1
0.309091 3 0 1 1 18 3 0 2 840.078 0.727907 0.497488 4 2 2
0.309091 3 0 2 0 1 1 0 3 6278.94 0.903638 0.748697 9 2.22222 1
0.309091 2 2 2 0 3 2 0 2 4450.8 0.107676 0.464216 2 2 1
0.309091 2 2 3 0 3 2 0 3 374.797 0.743478 0.67192 11 2.18182 1
0.309091 2 2 3 2 4 3 0 2 2716.18 0.900637 0.900637 1 2 2
0.309091 2 1 2 0 6 4 0 0 0 0 0 0 0 1
0.309091 2 1 3 0 2 3 0 0 0 0 0 0 0 1
0.309091 2 1 0 0 5 3 0 3 4647.18 0.100543 0.527529 4 2.25 2
0.309091 2 1 2 0 12 5 0 0 0 0 0 0 0 1
0.309091 2 1 1 0 3 2 0 0 0 0 0 0 0 1
0.309091 2 0 3 0 3 2 0 2 1472.71 0.629243 0.728732 3 2 1
0.309091 2 0 3 0 3 2 0 3 3036.98 0.440459 0.440459 1 3 1
0.309091 2 0 0 0 3 2 0 0 0 0 0 0 0 2
0.309091 2 2 2 0 7 3 0 0 0 0 0 0 0 1
0.309091 2 2 2 0 1 1 0 0 0 0 0 0 0 1
0.309091 2 2 3 0 3 2 0 3 2982.3 0.47245 0.47245 1 3 1
0.309091 2 2 1 0 2 3 0 0 0 0 0 0 0 2
0.309091 2 2 3 1 4 3 0 4 194.01 0.576075 0.576075 1 4 1
0.309091 2 2 0 0 3 2 0 3 215.029 0.790192 0.790192 1 3 1
0.309091 2 2 2 0 3 2 0 3 1317.79 0.638391 0.683732 10 2.1 1
0.309091 2 2 0 0 1 1 0 2 486.825 0.775018 0.775018 1 2 1
0.309091 2 1 1 0 12 5 0 0 0 0 0 0 0 1
0.309091 2 1 1 0 7 3 0 2 1178.05 0.776981 0.847224 4 2 1
0.309091 2 1 1 0 12 5 0 3 1305.24 0.648358 0.797558 5 2.4 1
0.309091 2 0 3 1 7 3 0 2 3459.06 0.575389 0.575389 1 2 1
0.309091 1 0 2 0 3 2 0 0 0 0 0 0 0 1
0.309091 1 2 2 0 11 5 0 2 827.268 0.728533 0.728533 1 2 1
0.309091 1 2 2 0 13 3 0 3 147.736 0.787754 0.787754 1 3 1
0.309091 1 2 0 0 13 3 0 3 1271.9 0.570322 0.637433 6 2.16667 2
0.309091 1 1 3 1 2 3 0 2 685.942 0.582278 0.667633 3 2 2
0.309091 1 1 3 0 6 4 0 2 149.062 0.662632 0.434842 2 2 1
0.309091 1 0 3 0 4 3 0 2 1171.89 0.962621 0.962621 1 2 2
0.309091 1 1 3 0 7 3 0 2 551.065 0.884659 0.884659 1 2 1
0.309091 1 1 3 0 6 4 0 2 1032.01 0.875007 0.612437 3 2 1
0.309091 1 1 3 0 12 5 0 0 0 0 0 0 0 1
0.309091 1 0 0 0 1 1 0 4 53.9583 0.80157 0.363392 21 2.14286 1
0.309091 1 0 3 0 4 3 0 2 1029.91 0.1855 0.1855 1 2 1
0.309091 1 0 3 0 1 1 0 3 5662.77 0.371147 0.744454 3 2.33333 1
0.309091 0 2 2 0 1 1 0 0 0 0 0 0 0 1
0.309091 0 2 2 0 6 4 0 3 2094.02 0.389931 0.389931 1 3 1
0.309091 0 2 3 0 11 5 0 2 4195.84 0.80993 0.80993 1 2 1
0.309091 0 2 3 0 4 3 0 0 0 0 0 0 0 1
0.309091 0 2 1 0 1 1 0 3 3685.66 0.773535 0.863934 2 2.5 1
0.309091 0 1 0 1 10 3 0 0 0 0 0 0 0 2
0.309091 0 1 0 0 7 3 0 2 0.534028 0.288112 0.641312 3 2 1
0.309091 0 1 3 2 7 3 0 2 2660.98 0.804475 0.804475 1 2 1
0.327273 0 2 2 0 3 2 0 0 0 0 0 0 0 1
0.327273 0 0 3 0 13 3 0 0 0 0 0 0 0 2
0.327273 0 0 3 0 1 1 0 2 1455.52 0.645395 0.732082 2 2 1
0.327273 0 0 0 0 1 1 0 3 3036.51 0.818851 0.875005 7 2.14286 1
0.327273 0 2 3 0 9 2 0 4 92.4604 0.961727 0.682838 5 2.8 1
0.327273 0 2 3 0 2 3 0 3 1078.3 0.756515 0.826529 6 2.5 2
0.327273 0 2 3 0 2 3 0 0 0 0 0 0 0 2
0.327273 0 1 2 0 11 5 0 0 0 0 0 0 0 1
0.327273 0 1 2 0 18 3 0 0 0 0 0 0 0 1
0.327273 0 1 1 1 2 3 0 0 0 0 0 0 0 1
0.327273 0 0 0 0 3 2 0 0 0 0 0 0 0 2
0.327273 0 0 1 0 1 1 0 2 49.5646 0.571852 0.571852 1 2 2
0.327273 0 0 0 0 1 1 0 3 3573.5 0.779441 0.779441 1 3 1
0.327273 3 2 0 1 2 3 1 3 1717.23 0.0669961 0.33581 5 2.4 2
0.327273 3 2 2 0 4 3 0 3 1724.42 0.690449 0.468685 3 2.66667 1
0.327273 3 2 0 1 4 3 0 0 0 0 0 0 0 2
0.327273 3 2 1 0 2 3 0 3 583.56 0.403746 0.61014 2 2.5 1
0.327273 3 1 2 0 7 3 0 2 779.924 0.33937 0.69954 3 2 1
0.327273 3 1 0 1 13 3 0 0 0 0 0 0 0 1
0.327273 3 0 0 0 3 2 0 0 0 0 0 0 0 1
0.327273 3 0 0 1 7 3 0 2 162.322 0.780529 0.884437 2 2 2
0.327273 3 0 2 0 3 2 0 3 109.24 0.751587 0.581052 4 2.25 1
0.327273 3 0 3 1 5 3 0 0 0 0 0 0 0 2
0.327273 3 2 3 1 5 3 0 4 38.6208 0.841779 0.712792 2 3.5 2
0.327273 3 2 3 0 10 3 0 0 0 0 0 0 0 1
0.327273 3 2 2 0 6 4 0 3 5986.92 0.136656 0.34389 2 2.5 1
0.327273 3 2 2 0 7 3 0 0 0 0 0 0 0 1
0.327273 3 2 0 0 5 3 0 4 29.8951 0.47377 0.576462 3 2.66667 2
0.327273 3 1 2 0 6 4 0 0 0 0 0 0 0 1
0.327273 3 1 3 0 6 4 0 0 0 0 0 0 0 1
0.327273 3 1 2 0 7 3 1 2 1.57778 0.274276 0.62947 2 2 1
0.327273 3 1 1 0 5 3 1 0 0 0 0 0 0 1
0.327273 3 1 3 0 5 3 0 0 0 0 0 0 0 1
0.327273 3 1 0 0 6 4 0 3 3816.74 0.861053 0.445877 2 2.5 1
0.327273 3 1 3 0 5 3 0 2 592.173 0.650202 0.650202 1 2 1
0.327273 3 1 3 0 5 3 0 2 775.333 0.763526 0.763526 1 2 1
0.327273 3 1 1 0 5 3 0 0 0 0 0 0 0 1
0.327273 3 1 2 0 11 5 0 2 288.169 0.468053 0.468053 1 2 2
0.327273 3 1 0 1 5 3 0 2 1697.51 0.761316 0.761316 1 2 2
0.327273 3 2 1 0 7 3 0 0 0 0 0 0 0 2
0.327273 3 2 2 0 7 3 0 0 0 0 0 0 0 1
0.327273 3 2 1 0 3 2 0 2 1986.63 0.931853 0.81652 3 2 2
0.327273 3 2 1 0 6 4 0 0 0 0 0 0 0 1
0.327273 3 0 1 0 3 2 0 0 0 0 0 0 0 2
0.327273 3 0 0 0 6 4 0 0 0 0 0 0 0 1
0.327273 3 0 3 0 7 3 0 2 378.273 0.774053 0.766793 3 2 1
0.327273 2 2 0 0 7 3 0 0 0 0 0 0 0 1
0.327273 2 1 0 0 6 4 0 0 0 0 0 0 0 1
0.327273 2 1 0 0 8 2 1 0 0 0 0 0 0 1
0.327273 2 1 0 0 6 4 0 2 1788.13 0.542808 0.542808 1 2 1
0.327273 2 0 0 0 3 2 0 3 5987.61 0.924161 0.872746 2 2.5 1
0.327273 2 0 1 1 2 3 0 0 0 0 0 0 0 2
0.327273 2 2 1 0 3 2 0 2 548.082 0.96268 0.847879 4 2 1
0.327273 2 1 2 0 3 2 0 4 1360.33 0.357786 0.613975 4 2.75 1
0.327273 2 1 2 0 3 2 0 2 6020.25 0.684923 0.684923 1 2 1
0.327273 2 1 2 0 3 2 0 2 489.492 0.796386 0.743927 2 2 1
0.327273 2 1 1 0 3 2 0 2 10.1493 0.48512 0.48512 1 2 2
0.327273 2 0 0 0 11 5 0 0 0 0 0 0 0 1
0.327273 2 0 0 0 6 4 0 2 1558.9 0.789055 0.703413 2 2 1
0.327273 2 0 3 0 3 2 0 0 0 0 0 0 0 1
0.327273 2 0 0 0 6 4 0 0 0 0 0 0 0 1
0.327273 2 2 0 0 3 2 0 4 521.817 0.228102 0.714175 12 2.16667 1
0.327273 2 2 2 0 7 3 1 3 3210.72 0.686976 0.732309 3 2.33333 1
0.327273 2 1 3 0 7 3 0 3 155.032 0.881545 0.881545 1 3 1
0.327273 2 1 1 0 1 1 0 2 2782.92 0.422013 0.422013 1 2 1
0.327273 2 1 0 0 2 3 0 3 3762.67 0.957335 0.957335 1 3 2
0.327273 2 0 3 0 3 2 0 0 0 0 0 0 0 1
0.327273 1 2 2 0 6 4 0 0 0 0 0 0 0 1
0.327273 1 2 2 0 7 3 0 3 5763.55 0.929771 0.681153 2 2.5 1
0.327273 1 2 3 0 3 2 0 0 0 0 0 0 0 1
0.327273 1 2 0 0 6 4 0 3 2958.1 0.977674 0.748942 4 2.25 1
0.327273 1 1 0 0 6 4 0 3 1113.63 0.526397 0.527074 12 2.16667 1
0.327273 1 1 0 0 1 1 1 2 682.567 0.348233 0.667383 3 2 2
0.327273 1 1 2 0 6 4 0 0 0 0 0 0 0 1
0.327273 1 0 2 0 8 2 0 0 0 0 0 0 0 1
0.327273 1 0 1 0 1 1 3 3 774.027 0.884415 0.753994 2 2.5 2
0.327273 1 2 3 0 3 2 0 0 0 0 0 0 0 1
0.327273 1 1 2 0 1 1 0 3 3213.43 0.993344 0.993344 1 3 1
0.327273 1 1 2 0 1 1 0 0 0 0 0 0 0 1
0.327273 1 1 1 0 6 4 0 0 0 0 0 0 0 1
0.327273 1 1 0 0 3 2 0 2 1643.41 0.650779 0.650779 1 2 1
0.327273 1 1 3 0 6 4 0 2 850.36 0.447365 0.521084 3 2 1
0.327273 1 0 1 0 6 4 0 2 4790.34 0.422942 0.422942 1 2 1
0.327273 1 0 1 1 7 3 0 4 1243.11 0.137647 0.691223 4 2.5 1
0.327273 1 1 2 0 6 4 0 2 2704.99 0.994173 0.994173 1 2 1
0.327273 1 0 0 0 6 4 0 3 2320.33 0.968798 0.761762 4 2.25 1
0.327273 1 0 3 0 11 5 0 0 0 0 0 0 0 2
0.327273 0 2 2 0 3 2 0 3 2009.11 0.444435 0.638291 2 3 1
0.327273 0 1 0 1 4 3 0 3 630.722 0.793739 0.605803 6 2.5 2
0.327273 0 0 0 0 1 1 0 2 4026.36 0.680967 0.680967 1 2 1
0.327273 0 0 3 1 13 3 1 2 751.783 0.898017 0.898017 1 2 1
0.327273 0 2 1 1 2 3 0 3 625.124 0.299637 0.619228 5 2.2 2
0.345455 3 2 2 0 3 2 0 0 0 0 0 0 0 1
0.345455 3 2 0 1 3 2 0 0 0 0 0 0 0 1
0.345455 3 2 0 0 4 3 0 3 629.71 0.230285 0.481214 5 2.4 1
0.345455 3 2 2 0 22 5 0 3 303.637 0.756429 0.719101 4 2.75 2
0.345455 3 2 0 0 3 2 3 0 0 0 0 0 0 1
0.345455 3 1 1 0 1 1 0 0 0 0 0 0 0 1
0.345455 3 1 0 0 1 1 0 2 1009.68 0.436761 0.391005 2 2 1
0.345455 3 0 3 0 2 3 0 2 104.493 0.170388 0.220572 2 2 1
0.345455 3 0 1 0 1 1 0 2 528.841 0.958832 0.958832 1 2 1
0.345455 3 0 3 0 3 2 0 3 438.4 0.635595 0.635595 1 3 1
0.345455 3 2 2 2 18 3 0 0 0 0 0 0 0 2
0.345455 3 2 3 0 6 4 0 0 0 0 0 0 0 1
0.345455 3 1 3 0 3 2 0 3 2783.8 0.490515 0.776693 4 2.5 1
0.345455 3 1 3 0 6 4 1 0 0 0 0 0 0 1
0.345455 3 1 2 1 2 3 0 5 4043.81 0.31688 0.465482 7 2.42857 2
0.345455 3 1 2 0 3 2 0 2 1911.2 0.355656 0.355656 1 2 1
0.345455 3 1 2 0 7 3 0 0 0 0 0 0 0 1
0.345455 3 0 3 0 13 3 0 0 0 0 0 0 0 1
0.345455 2 2 3 0 5 3 0 2 0.15 0.548778 0.548778 1 2 1
0.345455 2 2 2 0 5 3 0 2 1165.93 0.657236 0.657236 1 2 1
0.345455 2 2 0 0 2 3 0 3 2347.8 0.782459 0.751944 3 2.33333 2
0.345455 2 2 3 0 5 3 1 0 0 0 0 0 0 2
0.345455 2 2 2 0 13 3 0 0 0 0 0 0 0 2
0.345455 2 2 2 0 3 2 0 2 2948.84 0.778281 0.735264 2 2 2
0.345455 2 2 3 0 7 3 0 2 1670.65 0.0828081 0.443349 4 2 1
0.345455 2 2 2 0 4 3 2 0 0 0 0 0 0 1
0.345455 2 1 2 0 7 3 0 3 3773.9 0.156888 0.641268 4 2.25 1
0.345455 2 1 2 0 1 1 0 0 0 0 0 0 0 1
0.345455 2 1 1 0 1 1 0 2 996.515 0.755629 0.566228 4 2 1
0.345455 2 1 3 0 6 4 1 0 0 0 0 0 0 1
0.345455 2 0 1 0 6 4 1 3 2867.65 0.942965 0.647472 6 2.33333 1
0.345455 2 0 3 0 6 4 0 2 4785.58 0.0698821 0.0698821 1 2 1
0.345455 2 0 2 0 3 2 0 0 0 0 0 0 0 1
0.345455 2 0 3 0 3 2 0 0 0 0 0 0 0 1
0.345455 2 0 3 0 9 2 0 2 474.907 0.681605 0.812515 5 2 1
0.345455 2 0 0 0 3 2 0 3 6430.71 0.659067 0.825 9 2.11111 1
0.345455 2 0 0 0 6 4 0 0 0 0 0 0 0 1
0.345455 2 2 1 0 1 1 0 2 1668.4 0.562632 0.730077 6 2 1
0.345455 2 2 0 0 3 2 0 2 54.1146 0.232802 0.301779 2 2 1
0.345455 2 2 3 0 1 1 0 2 28.4958 0.993321 0.931382 2 2 1
0.345455 2 1 2 0 6 4 0 3 1533.09 0.473297 0.434181 13 2.07692 1
0.345455 2 1 3 0 1 1 0 2 3831.47 0.475671 0.475671 1 2 1
0.345455 2 1 0 1 18 3 0 2 5565.8 0.979005 0.979005 1 2 2
0.345455 2 0 0 0 3 2 0 0 0 0 0 0 0 1
0.345455 2 0 1 0 7 3 0 2 1511.43 0.487866 0.409333 2 2 1
0.345455 2 0 0 2 7 3 0 0 0 0 0 0 0 1
0.345455 2 2 1 2 4 3 0 0 0 0 0 0 0 1
0.345455 2 2 1 0 1 1 0 2 2707.74 0.273432 0.273432 1 2 1
0.345455 2 2 0 0 3 2 0 3 253.669 0.121286 0.272886 2 2.5 1
0.345455 2 2 2 0 7 3 0 2 235.774 0.928618 0.928618 1 2 1
0.345455 2 2 0 1 7 3 0 0 0 0 0 0 0 1
0.345455 2 2 0 0 6 4 0 0 0 0 0 0 0 1
0.345455 2 2 0 0 1 1 0 2 1098.4 0.831119 0.831119 1 2 1
0.345455 2 2 1 0 1 1 0 2 56.6326 0.361729 0.361729 1 2 1
0.345455 2 1 2 0 13 3 0 2 2106.02 0.795393 0.795393 1 2 1
0.345455 2 1 2 0 8 2 0 2 3679.48 0.543584 0.543584 1 2 1
0.345455 2 1 2 0 5 3 0 0 0 0 0 0 0 2
0.345455 2 0 0 0 3 2 2 3 3233.43 0.931527 0.931527 1 3 1
0.345455 2 0 3 0 1 1 1 2 3144.3 0.71734 0.71734 1 2 1
0.345455 2 0 2 0 8 2 0 3 825.503 0.481769 0.481769 1 3 1
0.345455 1 2 0 0 13 3 0 2 404.887 0.143478 0.46836 2 2 1
0.345455 1 2 3 0 4 3 1 3 64.6701 0.812835 0.771955 6 2.5 1
0.345455 1 1 0 0 13 3 0 2 56.525 0.165878 0.559078 8 2 1
0.345455 1 1 3 0 1 1 0 2 91.0042 0.756591 0.756591 1 2 1
0.345455 1 1 0 0 5 3 0 0 0 0 0 0 0 1
0.345455 1 1 0 0 1 1 0 3 2239.92 0.758258 0.634644 8 2.625 1
0.345455 1 0 1 0 1 1 0 2 2285.84 0.865627 0.5636 3 2 1
0.345455 1 0 3 0 1 1 0 2 2285.41 0.505338 0.505338 1 2 2
0.345455 1 0 0 0 3 2 0 2 138.703 0.712831 0.712831 1 2 1
0.345455 1 0 0 1 1 1 0 0 0 0 0 0 0 1
0.345455 1 0 0 0 1 1 0 3 4077.03 0.787891 0.787891 1 3 1
0.345455 1 0 2 0 6 4 0 3 4796.42 0.682882 0.764327 3 2.33333 1
0.345455 1 0 0 0 7 3 0 0 0 0 0 0 0 1
0.345455 1 0 3 0 1 1 1 0 0 0 0 0 0 1
0.345455 1 0 1 0 4 3 0 0 0 0 0 0 0 2
0.345455 1 2 0 0 12 5 0 3 4604.78 0.978337 0.724727 4 2.25 1
0.345455 1 2 3 0 1 1 1 2 261.633 0.948149 0.926883 2 2 1
0.345455 1 2 2 0 1 1 1 3 4767.83 0.767628 0.677793 4 2.25 1
0.345455 1 2 0 0 1 1 0 2 0.559722 0.956533 0.768865 3 2 1
0.345455 1 2 3 0 1 1 1 3 2481.86 0.911027 0.47248 4 2.5 1
0.345455 1 2 0 0 4 3 1 3 2481.29 0.954416 0.620268 3 2.66667 1
0.345455 1 2 3 0 1 1 1 3 4766.05 0.884274 0.884274 1 3 1
0.345455 1 2 3 1 1 1 2 2 2716.9 0.9138 0.9138 1 2 1
0.345455 1 2 0 0 6 4 0 3 86.9715 0.863764 0.614853 4 2.5 1
0.345455 1 2 3 0 1 1 0 3 33.7701 0.974441 0.693904 4 2.75 1
0.345455 1 2 1 0 7 3 0 2 3527.81 0.953774 0.816611 2 2 2
0.345455 1 1 0 0 1 1 0 4 1616.06 0.743062 0.82069 3 2.66667 1
0.345455 1 1 3 0 6 4 0 2 23.8403 0.147593 0.445128 4 2 2
0.345455 1 0 2 0 4 3 0 0 0 0 0 0 0 1
0.345455 1 0 2 0 1 1 0 3 6770.51 0.821823 0.850137 3 2.66667 1
0.345455 1 0 0 0 6 4 0 3 70.9063 0.377301 0.410959 4 2.5 1
0.345455 1 0 3 2 2 3 1 0 0 0 0 0 0 1
0.345455 1 2 2 0 13 3 2 3 2230.81 0.958997 0.716022 10 2.1 2
0.345455 1 2 1 1 2 3 2 3 1099.01 0.562582 0.673008 16 2.125 2
0.345455 1 2 3 0 3 2 2 3 2194.63 0.605107 0.717109 10 2.5 1
0.345455 1 2 0 0 2 3 1 2 1190.03 0.412416 0.412416 1 2 1
0.345455 1 2 3 0 6 4 0 0 0 0 0 0 0 1
0.345455 1 2 2 0 6 4 0 0 0 0 0 0 0 1
0.345455 1 2 2 0 6 4 0 2 2.76597 0.325193 0.634658 7 2 1
0.345455 1 1 1 0 6 4 0 0 0 0 0 0 0 1
0.345455 1 1 0 0 6 4 3 3 0.106944 0.576219 0.683943 5 2.8 1
0.345455 1 1 0 0 6 4 3 0 0 0 0 0 0 1
0.345455 1 1 0 0 6 4 3 3 2726.34 0.912124 0.817205 5 2.6 2
0.345455 1 1 3 0 6 4 0 3 2957.73 0.901781 0.901781 1 3 1
0.345455 1 1 3 0 6 4 0 2 1605.21 0.533087 0.480066 3 2 1
0.345455 1 1 3 0 6 4 0 2 290.271 0.78466 0.659307 6 2 1
0.345455 1 1 3 0 6 4 0 3 2957.56 0.715636 0.659357 3 2.33333 1
0.345455 1 0 0 0 4 3 0 3 40.9299 0.306012 0.480767 3 2.66667 1
0.345455 1 0 1 0 3 2 0 0 0 0 0 0 0 1
0.345455 0 2 0 0 1 1 0 3 1387.81 0.746559 0.577169 13 2.15385 1
0.345455 0 2 3 0 1 1 0 0 0 0 0 0 0 1
0.345455 0 2 2 2 7 3 0 2 237.956 0.848875 0.600616 4 2 2
0.345455 0 2 3 2 2 3 0 3 3191.27 0.979757 0.979757 1 3 1
0.345455 0 1 3 0 3 2 0 3 6526.28 0.751711 0.751711 1 3 1
0.345455 0 1 3 1 3 2 0 0 0 0 0 0 0 1
0.345455 0 1 3 0 7 3 0 3 3083.55 0.694724 0.606098 2 2.5 2
0.345455 0 1 2 0 7 3 0 3 2869.38 0.162231 0.638914 9 2.33333 1
0.345455 0 1 1 0 1 1 0 0 0 0 0 0 0 1
0.345455 0 1 2 1 3 2 0 3 2801 0.634183 0.681763 3 2.33333 1
0.345455 0 1 3 0 3 2 0 2 3476.8 0.297094 0.297094 1 2 1
0.345455 0 0 2 0 1 1 0 0 0 0 0 0 0 1
0.345455 0 0 1 0 1 1 0 2 3454.69 0.941451 0.941451 1 2 1
0.345455 0 0 3 0 2 3 0 0 0 0 0 0 0 1
0.345455 0 2 0 0 1 1 0 3 2789.1 0.448539 0.522173 2 2.5 2
0.345455 0 2 3 0 11 5 0 3 3567.96 0.980052 0.771945 2 2.5 1
0.345455 0 2 2 0 1 1 0 2 2228.13 0.649057 0.649057 1 2 1
0.345455 0 2 0 0 3 2 0 2 1316.56 0.609428 0.609428 1 2 1
0.345455 0 1 2 0 7 3 1 2 923.985 0.650338 0.650338 1 2 1
0.345455 0 0 1 0 11 5 1 2 793.969 0.270934 0.600612 2 2 1
0.345455 0 0 0 0 1 1 0 2 25.7312 0.6216 0.6216 1 2 2
0.345455 0 0 3 0 1 1 0 3 4787.89 0.524627 0.524627 1 3 1
0.345455 0 0 3 0 1 1 0 0 0 0 0 0 0 1
0.345455 0 0 2 0 5 3 0 0 0 0 0 0 0 1
0.345455 0 0 3 0 1 1 0 0 0 0 0 0 0 1
0.345455 0 0 3 0 1 1 1 0 0 0 0 0 0 1
0.345455 0 0 3 0 2 3 1 2 2642.75 0.465267 0.465267 1 2 1
0.345455 0 0 0 0 1 1 0 2 1320.97 0.324369 0.324369 1 2 1
0.345455 0 0 3 0 1 1 0 0 0 0 0 0 0 1
0.345455 0 0 3 0 4 3 0 3 6672.84 0.592674 0.567743 4 2.5 1
0.345455 0 2 3 1 13 3 0 3 257.252 0.0748889 0.40754 5 2.2 1
0.345455 0 2 1 0 4 3 1 0 0 0 0 0 0 2
0.345455 0 2 1 0 3 2 0 2 1156.15 0.745585 0.745585 1 2 1
0.345455 0 1 3 0 1 1 0 2 2741.93 0.926912 0.926912 1 2 2
0.345455 0 1 2 0 1 1 0 2 2033.82 0.857345 0.857345 1 2 1
0.345455 0 1 3 0 1 1 0 2 2510.52 0.831459 0.831459 1 2 1
0.345455 0 1 3 0 4 3 0 0 0 0 0 0 0 1
0.345455 0 1 3 0 2 3 0 2 890.608 0.886589 0.886589 1 2 1
0.345455 0 1 2 0 6 4 0 2 1304.71 0.415067 0.416382 2 2 2
0.345455 0 1 0 0 6 4 0 3 3884.55 0.999275 0.80601 3 2.33333 1
0.345455 0 0 0 0 3 2 0 0 0 0 0 0 0 1
0.345455 3 2 0 0 6 4 0 2 475.631 0.523198 0.686665 4 2 1
0.345455 3 2 3 0 4 3 0 3 1077.12 0.153947 0.664012 4 2.5 1
0.345455 3 2 3 0 1 1 0 3 829.487 0.230353 0.230353 1 3 1
0.345455 3 2 1 0 6 4 0 0 0 0 0 0 0 1
0.345455 3 1 2 0 12 5 0 0 0 0 0 0 0 1
0.345455 3 0 2 0 7 3 1 0 0 0 0 0 0 1
0.345455 3 0 3 0 11 5 0 2 86.0771 0.826449 0.826449 1 2 1
0.345455 3 2 0 0 1 1 0 0 0 0 0 0 0 1
0.345455 3 2 3 0 3 2 0 2 0.0402778 0.10226 0.10226 1 2 1
0.363636 0 0 2 0 3 2 0 0 0 0 0 0 0 1
0.363636 0 0 3 0 1 1 0 3 348.949 0.63302 0.505292 2 3 1
0.363636 0 2 3 0 7 3 1 0 0 0 0 0 0 1
0.363636 0 2 2 0 6 4 0 2 1732.02 0.726111 0.840391 2 2 1
0.363636 0 2 1 0 3 2 0 2 1155.41 0.47326 0.582195 2 2 1
0.363636 0 2 2 0 1 1 0 3 2527.31 0.626843 0.508189 3 2.66667 1
0.363636 0 2 1 0 4 3 0 2 0.539583 0.882817 0.530665 2 2 2
0.363636 0 2 3 3 4 3 1 3 11.7861 0.894689 0.85816 3 2.33333 1
0.363636 0 1 2 0 2 3 0 3 0.75 0.460686 0.626679 5 2.4 2
0.363636 0 1 1 0 2 3 0 0 0 0 0 0 0 1
0.363636 0 1 3 0 4 3 0 3 0.0555556 0.247061 0.516459 3 2.66667 1
0.363636 0 1 3 0 4 3 0 3 0.743056 0.971289 0.572723 2 2.5 2
0.363636 0 1 0 0 4 3 0 2 0.86875 0.366421 0.65044 2 2 2
0.363636 0 1 0 0 4 3 0 2 1091.28 0.619083 0.619083 1 2 1
0.363636 0 1 2 0 5 3 0 0 0 0 0 0 0 1
0.363636 0 1 3 0 4 3 0 2 169.072 0.452503 0.452503 1 2 1
0.363636 0 0 1 0 7 3 0 0 0 0 0 0 0 1
0.363636 0 0 2 1 7 3 0 3 2444.89 0.717168 0.663926 11 2.36364 1
0.363636 0 0 3 0 11 5 0 3 3133.62 0.797837 0.797837 1 3 1
0.363636 0 2 2 0 12 5 0 3 1491.03 0.532912 0.568147 10 2.6 1
0.363636 0 2 3 0 1 1 0 3 4338.34 0.844943 0.844943 1 3 1
0.363636 0 2 1 0 12 5 0 2 3334.52 0.629008 0.600745 2 2 1
0.363636 0 2 0 0 6 4 0 3 2049.85 0.483592 0.432366 15 2.13333 1
0.363636 0 2 3 0 3 2 0 4 623.378 0.809694 0.710618 12 2.41667 1
0.363636 0 1 2 0 1 1 0 2 2819.75 0.821564 0.821564 1 2 1
0.363636 0 1 3 0 3 2 0 2 56.9604 0.118326 0.415988 3 2 1
0.363636 0 1 3 0 4 3 1 0 0 0 0 0 0 1
0.363636 0 0 1 0 11 5 0 3 2617.33 0.946155 0.839094 3 2.33333 1
0.363636 0 0 2 0 1 1 0 0 0 0 0 0 0 1
0.363636 0 0 3 0 3 2 0 3 2344.79 0.851608 0.64143 19 2.26316 1
0.363636 0 0 3 0 5 3 0 0 0 0 0 0 0 1
0.363636 3 2 3 0 5 3 1 2 128.824 0.896452 0.566778 5 2 1
0.363636 3 2 3 0 6 4 0 2 4610.89 0.866407 0.866407 1 2 1
0.363636 3 2 3 0 1 1 0 0 0 0 0 0 0 1
0.363636 3 2 2 0 1 1 0 2 2844.66 0.424598 0.342427 2 2 1
0.363636 3 2 0 0 10 3 0 0 0 0 0 0 0 2
0.363636 3 2 3 0 4 3 0 3 2275.31 0.685182 0.608332 2 2.5 1
0.363636 3 1 2 0 7 3 0 2 156.801 0.534305 0.667378 4 2 1
0.363636 3 1 0 0 1 1 0 3 2990.93 0.776782 0.776782 1 3 1
0.363636 3 1 2 0 2 3 0 2 4352.2 0.950633 0.950633 1 2 1
0.363636 3 1 2 0 12 5 0 3 3736.11 0.707279 0.707279 1 3 1
0.363636 3 1 2 0 12 5 0 3 664.511 0.472511 0.397331 2 2.5 1
0.363636 3 0 0 0 7 3 0 2 713.62 0.594634 0.551228 2 2 1
0.363636 3 0 0 0 3 2 0 0 0 0 0 0 0 1
0.363636 3 2 3 0 1 1 0 0 0 0 0 0 0 1
0.363636 3 2 3 0 18 3 0 0 0 0 0 0 0 2
0.363636 3 2 3 0 18 3 0 0 0 0 0 0 0 2
0.363636 3 1 0 0 1 1 0 2 4619.18 0.685402 0.685402 1 2 1
0.363636 3 1 3 0 2 3 0 2 561.899 0.671578 0.623046 2 2 1
0.363636 3 1 3 0 1 1 0 3 3097.01 0.381417 0.444218 3 2.33333 2
0.363636 3 1 1 0 3 2 0 2 4429.44 0.831501 0.560861 2 2 1
0.363636 3 1 3 1 5 3 1 2 2328.5 0.601825 0.665008 4 2 2
0.363636 3 0 2 0 1 1 0 3 6554.72 0.936959 0.936959 1 3 1
0.363636 3 0 3 0 7 3 0 0 0 0 0 0 0 1
0.363636 3 0 3 0 6 4 0 2 469.284 0.777509 0.570212 2 2 1
0.363636 3 0 3 0 1 1 0 0 0 0 0 0 0 1
0.363636 3 0 2 0 7 3 0 3 3248.02 0.870476 0.718061 6 2.16667 1
0.363636 3 2 0 0 1 1 0 3 7194.83 0.795891 0.722762 6 2.33333 1
0.363636 3 1 2 1 2 3 0 0 0 0 0 0 0 1
0.363636 3 1 3 0 1 1 0 2 2626.42 0.695208 0.836356 3 2 1
0.363636 3 1 2 0 7 3 0 3 1512.19 0.837521 0.7257 3 2.33333 1
0.363636 3 1 0 0 2 3 0 2 578.394 0.82641 0.769545 2 2 1
0.363636 3 0 3 0 6 4 0 2 524.024 0.605793 0.749808 2 2 1
0.363636 3 0 3 0 2 3 0 2 3992.35 0.585624 0.436447 4 2 2
0.363636 3 0 0 0 1 1 0 2 821.967 0.976017 0.58818 4 2 2
0.363636 3 0 0 0 6 4 0 3 6011.13 0.614279 0.616197 3 2.33333 1
0.363636 2 2 1 0 11 5 0 3 571.094 0.0910887 0.462777 7 2.28571 1
0.363636 2 2 2 0 7 3 3 2 2735.33 0.803006 0.803006 1 2 1
0.363636 2 2 1 0 1 1 1 2 2922.69 0.183838 0.548966 3 2 1
0.363636 2 1 3 1 1 1 0 2 335.855 0.99774 0.99774 1 2 2
0.363636 2 1 3 0 2 3 0 0 0 0 0 0 0 1
0.363636 2 1 3 0 1 1 0 4 685.489 0.868982 0.631047 4 2.75 2
0.363636 2 1 2 0 1 1 1 3 2728.25 0.635398 0.630177 17 2.35294 1
0.363636 2 1 2 0 1 1 0 2 42.7701 0.416727 0.558549 4 2 1
0.363636 2 1 3 0 22 5 0 3 2231.89 0.591228 0.607408 16 2.375 1
0.363636 2 1 3 0 3 2 0 2 2506.65 0.741252 0.380078 2 2 1
0.363636 2 0 0 0 7 3 0 3 6576.88 0.789614 0.789614 1 3 2
0.363636 2 0 1 0 3 2 0 0 0 0 0 0 0 1
0.363636 2 0 1 0 1 1 0 0 0 0 0 0 0 1
0.363636 2 0 3 0 7 3 0 3 1070.54 0.745538 0.547622 8 2.25 1
0.363636 2 0 0 0 4 3 0 3 2972.6 0.929407 0.704613 9 2.33333 1
0.363636 2 0 2 0 1 1 0 3 907.213 0.660316 0.65821 9 2.33333 1
0.363636 2 0 3 0 1 1 0 3 187.522 0.956211 0.702172 6 2.33333 1
0.363636 2 0 0 0 3 2 0 2 369.012 0.10247 0.303011 3 2 1
0.363636 2 0 2 0 12 5 1 0 0 0 0 0 0 1
0.363636 2 2 3 2 6 4 0 2 6.66111 0.990879 0.990879 1 2 1
0.363636 2 2 0 0 5 3 3 2 585.65 0.837539 0.750905 2 2 1
0.363636 2 2 3 0 13 3 0 2 314.074 0.599086 0.599086 1 2 1
0.363636 2 2 0 0 1 1 0 2 3936.02 0.623909 0.623909 1 2 1
0.363636 2 2 0 0 7 3 0 2 1223.32 0.883971 0.772497 2 2 1
0.363636 2 2 1 0 3 2 0 2 1507.6 0.806075 0.806075 1 2 1
0.363636 2 2 3 0 7 3 0 3 897.58 0.215836 0.284819 5 2.4 1
0.363636 2 2 2 0 1 1 0 3 3887.46 0.952734 0.830519 2 2.5 1
0.363636 2 2 2 0 1 1 0 3 3618.96 0.542375 0.608444 2 2.5 1
0.363636 2 2 0 0 4 3 0 3 533.929 0.488931 0.672482 5 2.4 1
0.363636 2 1 1 0 1 1 0 2 2692.57 0.712532 0.712532 1 2 1
0.363636 2 1 0 0 13 3 0 0 0 0 0 0 0 1
0.363636 2 1 2 0 1 1 0 0 0 0 0 0 0 1
0.363636 2 1 0 0 5 3 0 2 5.39375 0.358264 0.445 2 2 1
0.363636 2 1 0 0 1 1 0 3 2477.05 0.833209 0.587937 2 2.5 1
0.363636 2 1 0 0 11 5 0 0 0 0 0 0 0 1
0.363636 2 1 3 0 1 1 0 2 3133.31 0.856936 0.765823 3 2 1
0.363636 2 1 3 0 1 1 0 3 498.304 0.937911 0.699819 11 2.27273 1
0.363636 2 1 0 0 3 2 0 3 2409.4 0.480448 0.601119 7 2.28571 1
0.363636 2 0 2 0 25 3 0 3 6769.07 0.114391 0.547747 7 2.14286 1
0.363636 2 0 3 0 6 4 0 2 654.622 0.698382 0.698382 1 2 1
0.363636 2 0 0 0 7 3 0 2 1018.52 0.8584 0.8584 1 2 1
0.363636 2 0 1 0 5 3 0 0 0 0 0 0 0 2
0.363636 2 0 3 0 5 3 0 3 419.587 0.834741 0.602771 3 2.33333 1
0.363636 2 0 3 0 7 3 0 3 195.195 0.908695 0.640443 4 2.25 1
0.363636 2 2 3 0 3 2 0 3 2277.54 0.754681 0.699244 6 2.33333 1
0.363636 2 2 1 0 4 3 0 0 0 0 0 0 0 2
0.363636 2 2 3 0 2 3 0 2 5718.81 0.612825 0.612825 1 2 1
0.363636 2 2 2 0 7 3 0 0 0 0 0 0 0 1
0.363636 2 1 3 0 7 3 0 0 0 0 0 0 0 1
0.363636 2 1 3 0 4 3 0 2 877.854 0.660625 0.561773 3 2 1
0.363636 2 0 2 0 6 4 0 0 0 0 0 0 0 1
0.363636 2 0 0 0 6 4 0 0 0 0 0 0 0 1
0.363636 2 0 1 0 6 4 0 3 3166.67 0.460563 0.696426 7 2.28571 1
0.363636 2 0 0 0 1 1 0 3 464.774 0.381396 0.514386 6 2.33333 1
0.363636 2 0 0 0 5 3 0 2 586.581 0.841257 0.538046 3 2 1
0.363636 2 0 2 0 5 3 0 3 166.951 0.963343 0.840912 3 2.33333 1
0.363636 2 0 2 1 6 4 0 3 900.062 0.479211 0.644253 7 2.71429 1
0.363636 2 0 0 0 6 4 0 2 2914.79 0.93586 0.784513 2 2 1
0.363636 1 2 2 0 7 3 0 0 0 0 0 0 0 1
0.363636 1 2 0 0 5 3 0 0 0 0 0 0 0 1
0.363636 1 2 3 0 4 3 0 2 3382.8 0.180116 0.180116 1 2 2
0.363636 1 1 0 0 5 3 0 2 598.867 0.499269 0.499269 1 2 1
0.363636 1 1 0 0 7 3 0 2 5036.06 0.700233 0.700233 1 2 1
0.363636 1 0 2 0 4 3 1 2 1360.01 0.47193 0.47193 1 2 1
0.363636 1 0 3 0 4 3 1 3 7068.11 0.63988 0.722829 3 2.33333 2
0.363636 1 0 3 0 3 2 0 2 98.4188 0.593116 0.670133 3 2 2
0.363636 1 0 3 0 1 1 0 3 2421.32 0.840048 0.840048 1 3 1
0.363636 1 2 3 0 13 3 1 0 0 0 0 0 0 1
0.363636 1 2 2 0 4 3 0 4 1991.33 0.792564 0.732303 6 2.5 1
0.363636 1 2 3 2 4 3 0 2 4831.08 0.502412 0.748262 2 2 1
0.363636 1 1 0 0 2 3 0 2 725.716 0.708746 0.828821 2 2 1
0.363636 1 1 2 0 6 4 2 0 0 0 0 0 0 1
0.363636 1 0 0 0 3 2 2 2 1303.06 0.768023 0.768023 1 2 1
0.363636 1 0 0 0 11 5 0 3 367.359 0.440195 0.63753 8 2.125 1
0.363636 1 0 3 0 6 4 0 0 0 0 0 0 0 1
0.363636 1 2 2 0 5 3 1 2 4304.87 0.16612 0.16612 1 2 1
0.363636 1 2 3 0 7 3 2 3 952.431 0.891695 0.527328 2 2.5 1
0.363636 1 2 3 0 4 3 0 3 90.4854 0.659571 0.659571 1 3 1
0.363636 1 2 2 0 2 3 0 3 71.5618 0.923413 0.796724 4 2.25 1
0.363636 1 2 3 0 8 2 0 0 0 0 0 0 0 1
0.363636 1 2 0 0 3 2 0 0 0 0 0 0 0 1
0.363636 1 1 2 0 2 3 3 3 3935.28 0.560085 0.735184 3 2.33333 1
0.363636 1 1 3 0 6 4 0 0 0 0 0 0 0 1
0.363636 1 1 2 0 4 3 0 2 21.3931 0.751269 0.751269 1 2 1
0.363636 1 1 0 0 1 1 0 0 0 0 0 0 0 1
0.363636 1 1 0 0 3 2 0 3 3752.42 0.830688 0.638853 3 2.33333 1
0.363636 1 1 2 0 7 3 0 2 3248.7 0.980766 0.980766 1 2 2
0.363636 1 0 2 0 1 1 0 0 0 0 0 0 0 1
0.363636 1 0 3 0 4 3 0 2 98.8833 0.304459 0.659102 5 2 1
0.363636 0 2 1 0 18 3 0 3 1185.8 0.337819 0.538006 7 2.42857 1
0.363636 0 2 0 0 3 2 0 3 30.8062 0.642402 0.708187 2 2.5 1
0.363636 0 2 3 0 3 2 0 3 4736.26 0.951306 0.951306 1 3 1
0.363636 0 2 0 0 2 3 0 3 3957.56 0.742096 0.752802 5 2.2 1
0.363636 0 1 3 0 1 1 1 3 5461.26 0.799341 0.763981 4 2.25 1
0.363636 0 1 2 0 6 4 2 3 2719 0.580758 0.607361 4 2.5 1
0.363636 0 0 0 1 3 2 0 0 0 0 0 0 0 1
