14
1646
0.745455 3 2 3 0 1 1 0 2 0.41875 0.898957 0.637978 3 2 1
0.745455 3 2 3 0 1 1 0 3 10423.2 0.274263 0.599956 3 2.33333 1
0.745455 3 2 3 0 1 1 0 3 10356.3 0.738695 0.657255 4 2.25 1
0.745455 3 2 3 0 1 1 0 3 8994.1 0.842849 0.444581 10 2.1 1
0.745455 3 2 2 0 1 1 0 4 2.39653 0.805651 0.560901 3 2.66667 1
0.745455 3 2 2 0 1 1 0 4 2.29444 0.666957 0.544021 6 2.5 1
0.745455 3 2 2 0 1 1 0 2 1.11389 0.164879 0.17624 3 2 2
0.745455 3 2 2 0 1 1 0 2 0.0375 0.997419 0.997419 1 2 1
0.745455 3 2 2 0 1 1 0 4 2.17292 0.424211 0.685004 5 2.4 1
0.745455 3 2 2 0 1 1 0 2 0.0243056 0.659934 0.540451 3 2 1
0.745455 3 2 1 0 1 1 0 2 0.430556 0.883639 0.765216 2 2 1
0.745455 3 2 1 0 1 1 0 3 2802.53 0.52239 0.52239 1 3 1
0.745455 3 2 1 0 1 1 0 3 1183.94 0.941624 0.610039 54 2.03704 1
0.745455 3 2 1 0 1 1 0 2 73.9618 0.726592 0.726592 1 2 1
0.745455 3 2 1 0 1 1 0 3 8993.72 0.832557 0.480004 9 2.11111 1
0.745455 3 2 0 0 1 1 0 0 0 0 0 0 0 1
0.745455 3 2 0 0 3 2 0 0 0 0 0 0 0 1
0.745455 3 2 0 0 1 1 0 4 1.88819 0.450981 0.558102 5 2.4 1
0.745455 3 2 0 0 1 1 0 3 0.439583 0.218593 0.605494 4 2.25 1
0.745455 3 2 0 0 1 1 1 4 1.8375 0.736075 0.75727 2 3 1
0.745455 3 2 0 0 1 1 1 0 0 0 0 0 0 1
0.745455 3 2 0 0 1 1 2 2 1.38542 0.335874 0.335874 1 2 1
0.745455 3 2 3 0 1 1 2 0 0 0 0 0 0 1
0.745455 3 2 3 0 1 1 2 3 53.1868 0.319304 0.452937 6 2.5 1
0.745455 3 2 3 0 1 1 4 3 0.13125 0.62911 0.687167 4 2.25 1
0.745455 3 2 3 0 1 1 3 0 0 0 0 0 0 1
0.745455 3 2 3 0 1 1 3 4 3939.29 0.502464 0.6203 26 2.07692 1
0.745455 3 2 2 0 1 1 3 2 1.14444 0.496346 0.69869 2 2 2
0.745455 3 2 2 0 1 1 3 2 298.142 0.56542 0.596904 9 2 1
0.745455 3 2 2 0 1 1 2 0 0 0 0 0 0 1
0.745455 3 2 2 0 1 1 2 2 922.954 0.77448 0.860681 2 2 1
0.745455 3 2 2 0 1 1 2 0 0 0 0 0 0 1
0.745455 3 2 1 0 1 1 0 2 1242.05 0.8639 0.8639 1 2 1
0.745455 3 2 1 0 1 1 0 2 0.682639 0.209717 0.227232 2 2 1
0.745455 3 2 0 0 1 1 0 4 3938.59 0.487025 0.50392 20 2.1 1
0.745455 3 2 3 0 1 1 0 4 0.694444 0.477793 0.618791 3 2.66667 1
0.745455 3 2 3 0 1 1 0 4 3938.5 0.559614 0.534033 18 2.11111 1
0.745455 3 2 3 0 1 1 0 4 0.568056 0.779021 0.779021 1 4 1
0.745455 3 2 3 0 1 1 0 2 974.597 0.360687 0.360687 1 2 1
0.745455 3 2 3 0 1 1 0 4 3938.27 0.288519 0.509417 18 2.11111 1
0.745455 3 2 2 0 1 1 0 0 0 0 0 0 0 1
0.745455 3 2 2 0 1 1 0 0 0 0 0 0 0 1
0.745455 3 2 2 0 1 1 0 2 150.603 0.99472 0.627705 17 2 1
0.745455 3 2 2 0 1 1 0 2 2016.94 0.418017 0.418017 1 2 1
0.745455 3 2 2 0 1 1 0 4 3938.02 0.351253 0.553433 17 2.11765 1
0.745455 3 2 1 0 1 1 0 0 0 0 0 0 0 1
0.745455 3 2 1 0 1 1 0 2 7563.16 0.813019 0.673481 4 2 1
0.745455 3 2 0 0 2 3 0 2 2016.7 0.850057 0.850057 1 2 1
0.745455 3 2 0 0 1 1 0 2 2016.68 0.992454 0.992454 1 2 2
0.745455 3 2 2 0 1 1 0 0 0 0 0 0 0 1
0.745455 3 2 3 0 18 3 0 2 519.987 0.873022 0.619643 2 2 1
0.745455 3 1 0 1 4 3 0 2 715.094 0.693512 0.708243 2 2 1
0.745455 3 1 3 0 1 1 0 0 0 0 0 0 0 1
0.745455 3 1 2 0 1 1 0 3 13979 0.956631 0.720195 3 2.33333 1
0.745455 3 1 2 0 4 3 0 2 601.923 0.833459 0.859101 4 2 1
0.745455 3 1 2 0 20 5 0 3 4366.99 0.622825 0.689554 61 2.06557 1
0.745455 3 1 1 0 6 4 0 0 0 0 0 0 0 1
0.745455 3 1 3 0 7 3 0 2 2.46111 0.366466 0.543702 6 2 1
0.745455 3 0 3 0 1 1 0 3 39.0472 0.372127 0.544425 5 2.6 1
0.745455 3 0 2 0 4 3 0 5 752.8 0.371659 0.624106 77 2.16883 1
0.745455 3 0 1 0 1 1 0 3 8976.79 0.976605 0.713537 7 2.14286 1
0.745455 3 0 3 0 1 1 0 3 9700.06 0.436347 0.696432 11 2.27273 1
0.745455 3 0 2 0 2 3 0 3 1885.19 0.508167 0.755552 113 2.07965 1
0.745455 3 0 0 1 2 3 0 3 609.306 0.317917 0.581495 28 2.17857 1
0.745455 3 2 1 0 15 7 0 3 3628.89 0.518291 0.476963 29 2.10345 1
0.745455 3 2 0 0 1 1 0 3 1536.22 0.38724 0.597597 54 2.05556 1
0.745455 3 2 3 0 1 1 0 2 6522.96 0.562437 0.562437 1 2 1
0.745455 3 2 0 0 1 1 0 4 133.904 0.650308 0.668338 63 2.14286 1
0.745455 3 2 3 0 1 1 0 4 133.862 0.881103 0.696943 65 2.10769 1
0.745455 3 1 0 0 1 1 0 3 660.428 0.884568 0.645448 41 2.07317 1
0.745455 3 1 3 0 1 1 0 2 2193.85 0.724416 0.487471 2 2 1
0.745455 3 1 2 0 15 7 1 2 394.265 0.596101 0.586161 3 2 2
0.745455 3 1 1 0 2 3 0 3 2772.81 0.592282 0.697827 27 2.03704 2
0.745455 3 1 0 0 18 3 0 3 1056.01 0.952205 0.645213 31 2.03226 1
0.745455 3 1 0 0 11 5 0 3 8183.2 0.760734 0.609404 34 2.14706 1
0.745455 3 1 3 0 4 3 1 2 1037.49 0.65796 0.827337 2 2 1
0.745455 3 0 1 0 2 3 1 3 3610 0.49404 0.48646 28 2.10714 1
0.745455 3 0 0 0 4 3 0 2 639.889 0.853117 0.47789 5 2 2
0.745455 3 0 2 0 1 1 0 3 646.944 0.384765 0.533331 49 2.04082 1
0.745455 3 0 3 0 1 1 0 3 954.628 0.907318 0.64785 132 2.07576 1
0.745455 3 0 2 0 3 2 0 2 1139.77 0.991704 0.530044 4 2 1
0.745455 3 0 2 0 10 3 0 2 516.795 0.729534 0.81291 2 2 1
0.745455 3 0 0 0 4 3 0 3 952.81 0.152482 0.513032 152 2.07895 1
0.745455 3 0 2 0 2 3 0 2 802.526 0.765683 0.775512 2 2 1
0.745455 3 0 3 0 1 1 0 2 20.1799 0.615368 0.610834 15 2 1
0.745455 2 2 3 0 3 2 0 3 7583.53 0.255076 0.60821 4 2.5 2
0.745455 2 2 0 0 19 5 0 3 3361.92 0.299267 0.555899 263 2.06464 1
0.745455 2 2 1 0 1 1 0 3 7568.66 0.60917 0.60917 1 3 1
0.745455 2 2 2 2 1 1 0 4 748.55 0.322199 0.559025 7 2.28571 1
0.745455 2 2 0 0 4 3 0 3 12998 0.581015 0.645387 12 2.08333 1
0.745455 2 2 2 0 2 3 0 0 0 0 0 0 0 1
0.745455 2 2 3 0 4 3 0 2 6040.71 0.192433 0.192433 1 2 1
0.745455 2 2 3 0 8 2 0 3 7513.11 0.857539 0.493055 4 2.25 1
0.745455 2 2 2 0 7 3 0 0 0 0 0 0 0 2
0.745455 2 2 3 2 3 2 0 3 10978.3 0.743543 0.661437 2 2.5 1
0.745455 2 2 0 0 7 3 0 3 10010.4 0.396978 0.604913 19 2.10526 1
0.745455 2 2 0 0 19 5 0 3 8929.48 0.735136 0.518625 6 2.16667 1
0.745455 2 2 3 0 10 3 0 0 0 0 0 0 0 1
0.745455 2 1 1 0 14 6 0 2 702.374 0.343053 0.343053 1 2 1
0.745455 2 1 2 0 7 3 0 3 8927.93 0.606969 0.545678 5 2.2 1
0.745455 2 1 0 0 10 3 0 2 1759.33 0.890653 0.890653 1 2 1
0.745455 2 1 3 1 3 2 0 2 499.408 0.562156 0.562156 1 2 1
0.745455 2 1 2 0 3 2 0 3 8925.05 0.790066 0.705511 4 2.25 1
0.745455 2 1 2 0 1 1 0 0 0 0 0 0 0 1
0.745455 2 1 0 0 1 1 0 2 8880.99 0.945579 0.945579 1 2 1
0.745455 2 1 0 0 11 5 0 2 1916.58 0.59293 0.59293 1 2 1
0.745455 2 1 0 0 1 1 0 4 5346.82 0.179692 0.491346 70 2.04286 1
0.745455 2 1 2 0 7 3 0 2 307.635 0.995616 0.971954 2 2 1
0.745455 2 1 2 0 1 1 0 2 6667.23 0.947802 0.947802 1 2 1
0.745455 2 1 2 0 1 1 0 2 15.9507 0.170901 0.501903 13 2 1
0.745455 2 1 1 0 1 1 0 2 280.085 0.592337 0.592337 1 2 1
0.745455 2 0 3 0 8 2 0 3 9654.66 0.490485 0.594933 11 2.09091 1
0.745455 2 0 3 1 2 3 0 3 10655.3 0.131368 0.498106 4 2.25 1
0.745455 2 0 3 0 1 1 0 3 745.488 0.8188 0.678568 165 2.06667 1
0.745455 2 0 1 0 1 1 0 2 569.031 0.709221 0.703639 13 2 1
0.745455 2 0 2 2 1 1 3 2 2632.05 0.683423 0.487043 2 2 1
0.745455 2 0 0 0 13 3 0 2 2348.51 0.844365 0.844365 1 2 1
0.745455 2 0 0 0 8 2 0 2 14320.8 0.702445 0.702445 1 2 1
0.745455 2 0 0 0 1 1 0 3 5076.31 0.927173 0.608604 14 2.28571 1
0.745455 2 0 3 0 1 1 0 2 40.6403 0.710319 0.667668 4 2 2
0.745455 2 0 3 0 1 1 0 0 0 0 0 0 0 1
0.745455 2 0 0 0 1 1 0 2 4651.01 0.383137 0.401009 5 2 1
0.745455 2 0 3 0 4 3 0 3 12811.2 0.567376 0.643994 8 2.125 2
0.745455 2 2 3 0 1 1 0 2 10653.2 0.854702 0.854702 1 2 1
0.745455 2 2 3 0 1 1 0 3 609.068 0.848843 0.697338 39 2.05128 1
0.745455 2 2 0 0 1 1 0 3 4293.56 0.861444 0.762686 57 2.03509 1
0.745455 2 2 3 0 10 3 0 2 13544 0.385 0.560842 2 2 1
0.745455 2 2 0 0 1 1 0 3 2889 0.189295 0.476135 127 2.06299 1
0.745455 2 2 2 0 1 1 0 2 517.672 0.607781 0.569076 11 2 1
0.745455 2 2 1 0 1 1 0 4 543.561 0.200871 0.548841 382 2.09162 1
0.745455 2 2 3 0 1 1 0 0 0 0 0 0 0 1
0.745455 2 1 0 0 1 1 0 3 8453.77 0.437833 0.574908 34 2.05882 1
0.745455 2 1 2 0 1 1 0 2 625.058 0.26166 0.26166 1 2 1
0.745455 2 1 1 0 19 5 0 2 450.211 0.965884 0.965884 1 2 1
0.745455 2 1 0 0 1 1 0 3 8895.65 0.92063 0.930054 2 2.5 1
0.745455 2 1 2 0 1 1 0 3 595.974 0.617901 0.543352 47 2.06383 1
0.745455 2 1 3 0 1 1 0 2 588.101 0.808636 0.808636 1 2 1
0.745455 2 0 0 2 4 3 0 3 1161.24 0.985928 0.70887 45 2.15556 2
0.745455 2 0 0 0 3 2 0 3 1588.94 0.981953 0.658816 10 2.2 1
0.745455 2 0 3 0 18 3 0 3 1858.65 0.246596 0.410287 3 2.66667 1
0.745455 2 0 3 0 1 1 0 0 0 0 0 0 0 1
0.745455 2 0 2 0 1 1 0 4 4325.47 0.674136 0.649507 201 2.1592 1
0.745455 2 0 2 0 1 1 0 3 1765.47 0.807705 0.557094 15 2.2 1
0.745455 2 0 2 0 14 6 0 2 5412.58 0.510926 0.510926 1 2 1
0.745455 2 0 0 0 11 5 0 2 7267.46 0.964213 0.578944 2 2 1
0.745455 2 0 3 0 1 1 0 4 2207 0.352888 0.624952 181 2.06077 1
0.745455 2 2 2 0 1 1 0 3 580.875 0.328539 0.497637 52 2.07692 1
0.745455 2 2 3 0 8 2 0 3 580.139 0.455977 0.518204 47 2.04255 1
0.745455 2 2 2 0 1 1 0 3 4891.4 0.631113 0.631113 1 3 1
0.745455 2 2 1 0 1 1 0 3 579.616 0.553128 0.541307 46 2.08696 1
0.745455 2 2 0 0 1 1 0 3 578.288 0.658588 0.590809 43 2.06977 1
0.745455 2 2 1 0 1 1 0 3 6772.86 0.571298 0.661484 9 2.11111 1
0.745455 2 2 1 0 2 3 0 2 1338.92 0.883428 0.883428 1 2 1
0.745455 2 2 3 1 10 3 0 3 577.076 0.384476 0.574712 44 2.04545 1
0.745455 2 2 3 0 1 1 0 3 1270.73 0.95839 0.434721 57 2.05263 1
0.745455 2 2 2 0 10 3 0 4 3540.6 0.52097 0.625671 135 2.08148 1
0.745455 2 2 2 0 1 1 0 2 454.467 0.391565 0.52873 2 2 1
0.745455 2 2 3 0 14 6 0 3 11131.5 0.809806 0.809806 1 3 1
0.745455 2 2 0 0 5 3 0 3 5912.33 0.812938 0.725475 8 2.375 2
0.745455 2 2 0 0 4 3 0 2 898.051 0.779469 0.517225 2 2 1
0.745455 2 2 0 0 1 1 0 2 54.4875 0.57186 0.57186 1 2 1
0.745455 2 2 3 1 13 3 0 5 644.093 0.581915 0.731483 83 2.14458 1
0.745455 2 1 0 0 7 3 0 0 0 0 0 0 0 1
0.745455 2 1 3 0 1 1 0 2 10592.6 0.953629 0.953629 1 2 1
0.745455 2 1 2 0 4 3 0 3 6794.26 0.754624 0.420174 2 2.5 1
0.745455 2 1 0 0 14 6 0 0 0 0 0 0 0 1
0.745455 2 1 3 1 18 3 0 2 309.942 0.89465 0.74755 4 2 2
0.745455 2 1 2 0 10 3 0 4 8182.3 0.93343 0.559611 9 2.66667 1
0.745455 2 1 2 0 1 1 0 0 0 0 0 0 0 1
0.745455 2 1 0 0 14 6 0 2 760.669 0.99435 0.99435 1 2 1
0.745455 2 1 3 0 1 1 0 3 564.213 0.264953 0.440192 46 2.06522 1
0.745455 2 1 0 0 1 1 0 3 563.549 0.309922 0.474395 45 2.06667 1
0.745455 2 1 0 0 3 2 0 3 37.0194 0.0827537 0.383973 17 2.05882 1
0.745455 2 1 0 0 1 1 0 2 2110.02 0.954966 0.599575 6 2 1
0.745455 2 1 1 0 1 1 0 3 561.649 0.797778 0.708323 30 2.03333 1
0.745455 2 0 1 0 1 1 0 3 559.685 0.542485 0.585467 36 2.05556 1
0.745455 2 0 3 2 1 1 0 4 4297.72 0.684554 0.706873 254 2.14961 1
0.745455 2 0 2 0 1 1 0 0 0 0 0 0 0 1
0.745455 2 0 3 0 1 1 2 3 555.038 0.323133 0.500208 45 2.08889 1
0.745455 2 0 0 0 7 3 0 2 6158.38 0.609791 0.570297 2 2 2
0.745455 2 0 2 0 1 1 0 0 0 0 0 0 0 1
0.745455 2 0 0 0 14 6 0 4 657.033 0.288045 0.631364 20 2.15 1
0.745455 1 2 3 0 7 3 0 2 1746.89 0.822964 0.843835 4 2 1
0.745455 1 2 0 0 1 1 0 2 553.857 0.668612 0.722866 3 2 1
0.745455 1 2 3 0 1 1 0 3 1282.87 0.405644 0.730492 10 2.1 1
0.745455 1 2 3 0 14 6 0 3 489.02 0.769657 0.731402 21 2.14286 1
0.745455 1 2 2 0 1 1 0 3 550.808 0.819451 0.626638 32 2.09375 1
0.745455 1 2 0 0 4 3 0 2 4555.21 0.705896 0.705896 1 2 1
0.745455 1 2 0 0 1 1 0 4 4288.86 0.625419 0.660636 233 2.14592 1
0.745455 1 2 3 0 1 1 2 3 549.178 0.776335 0.743092 31 2.12903 1
0.745455 1 2 2 0 1 1 0 3 548.781 0.645124 0.706011 33 2.06061 1
0.745455 1 2 1 0 1 1 3 4 4287.24 0.71839 0.701672 220 2.15 1
0.745455 1 2 0 0 1 1 3 3 699.865 0.775096 0.858505 5 2.2 1
0.745455 1 2 0 0 1 1 2 3 548.465 0.361415 0.500436 37 2.05405 1
0.745455 1 2 0 0 8 2 3 3 4.99028 0.328379 0.435923 9 2.22222 2
0.745455 1 2 0 0 1 1 3 3 548.409 0.274696 0.432651 37 2.08108 1
0.745455 1 2 0 0 1 1 3 4 4286.94 0.726414 0.708515 216 2.15278 1
0.745455 1 2 3 0 1 1 0 3 486.735 0.68269 0.652285 18 2.22222 1
0.745455 1 2 3 0 1 1 0 2 7603.21 0.203445 0.203445 1 2 1
0.745455 1 2 2 0 1 1 0 3 546.949 0.680629 0.706382 28 2.07143 1
0.745455 1 2 3 0 1 1 0 2 433.824 0.59576 0.6351 2 2 1
0.745455 1 2 0 0 1 1 0 3 6405.15 0.72154 0.826118 13 2.07692 1
0.745455 1 2 0 0 1 1 0 3 545.383 0.367691 0.551264 32 2.0625 1
0.745455 1 2 2 0 4 3 0 0 0 0 0 0 0 1
0.745455 1 2 2 0 1 1 0 3 544.808 0.818393 0.747352 16 2.0625 1
0.745455 1 2 0 0 1 1 0 3 544.485 0.399144 0.446536 33 2.09091 1
0.745455 1 2 0 0 1 1 0 3 544.317 0.220968 0.509496 32 2.0625 1
0.745455 1 2 1 0 1 1 0 0 0 0 0 0 0 1
0.745455 1 2 0 0 1 1 0 3 10154.7 0.34428 0.404573 8 2.25 2
0.745455 1 2 0 0 1 1 0 2 172.91 0.801427 0.665816 8 2 1
0.745455 1 2 2 0 14 6 0 3 11173.8 0.525629 0.748067 22 2.09091 1
0.745455 1 2 2 0 1 1 0 3 542.805 0.41331 0.505066 34 2.11765 1
0.745455 1 2 0 0 1 1 0 3 2093.83 0.997439 0.653467 37 2.02703 1
0.745455 1 2 0 0 1 1 0 3 542.364 0.44911 0.499126 31 2.12903 1
0.745455 1 2 1 0 4 3 0 2 625.578 0.356447 0.574463 4 2 1
0.745455 1 2 0 0 1 1 0 3 10152.8 0.623102 0.520329 7 2.14286 1
0.745455 1 2 0 0 1 1 0 3 1721.11 0.593516 0.584127 13 2.23077 1
0.745455 1 2 3 0 1 1 0 3 541.211 0.205264 0.43035 30 2.1 1
0.745455 1 2 3 0 1 1 0 3 541.21 0.633968 0.586976 24 2.08333 1
0.745455 1 2 3 0 1 1 0 3 541.122 0.164994 0.423864 26 2.07692 1
0.745455 1 1 2 0 1 1 0 2 1072.17 0.849651 0.460989 6 2 1
0.745455 1 1 2 0 1 1 0 3 11091.4 0.556826 0.54493 11 2.18182 1
0.745455 1 1 1 0 1 1 0 4 4279.2 0.711401 0.701656 214 2.15421 1
0.745455 1 1 0 0 1 1 0 3 540.335 0.865238 0.704774 24 2.16667 1
0.745455 1 1 0 0 1 1 0 3 10151.5 0.684148 0.616166 6 2.16667 1
0.745455 1 1 3 0 1 1 0 3 540.227 0.668509 0.634692 21 2.09524 1
0.745455 1 1 3 0 1 1 0 3 540.156 0.431645 0.570873 21 2.09524 1
0.745455 1 1 3 0 1 1 0 3 540.138 0.234688 0.519142 23 2.08696 1
0.745455 1 1 3 0 1 1 0 3 540.128 0.614159 0.731783 18 2.11111 1
0.745455 1 1 2 0 1 1 0 3 539.98 0.251271 0.393838 21 2.14286 1
0.745455 1 1 2 0 1 1 0 3 539.958 0.32165 0.433743 21 2.19048 1
0.745455 1 1 2 0 4 3 0 3 1391.24 0.354127 0.507681 2 2.5 1
0.745455 1 1 0 0 3 2 0 2 1105.05 0.491705 0.527399 2 2 1
0.745455 1 1 0 0 3 2 0 0 0 0 0 0 0 1
0.745455 1 1 1 0 14 6 0 2 375.883 0.562392 0.562392 1 2 1
0.745455 1 1 3 0 1 1 0 3 662.431 0.463275 0.537809 166 2.06024 1
0.745455 1 1 3 0 1 1 0 0 0 0 0 0 0 1
0.745455 1 0 2 0 1 1 0 3 1292.46 0.379814 0.509474 5 2.4 1
0.745455 1 0 0 0 4 3 0 3 2245.55 0.778506 0.668621 144 2.04861 2
0.745455 1 0 3 0 18 3 0 2 355.688 0.618309 0.419783 5 2 1
0.745455 1 0 0 0 2 3 0 3 6753.74 0.670747 0.670747 1 3 1
0.745455 1 0 2 0 1 1 0 3 1958.9 0.344326 0.446964 59 2.0339 1
0.745455 1 0 0 0 19 5 0 2 193.087 0.801268 0.393892 16 2 2
0.745455 1 0 1 0 1 1 0 3 8100.68 0.673171 0.593046 4 2.25 1
0.745455 1 0 2 0 14 6 0 0 0 0 0 0 0 1
0.745455 1 2 1 0 19 5 0 3 10882.9 0.292352 0.515084 4 2.5 2
0.745455 1 2 0 0 1 1 0 3 3289.4 0.528327 0.676432 27 2.03704 1
0.745455 1 2 2 0 4 3 0 0 0 0 0 0 0 1
0.745455 1 2 3 0 1 1 0 2 496.183 0.563838 0.748572 2 2 1
0.745455 1 2 3 0 1 1 0 3 8422.39 0.523879 0.656796 16 2.25 1
0.745455 1 2 1 0 1 1 0 3 1915.43 0.292405 0.645988 51 2.05882 1
0.745455 1 2 3 0 1 1 0 3 3282.09 0.564894 0.643281 23 2.04348 1
0.745455 1 2 3 0 2 3 0 2 60.5986 0.550075 0.691603 2 2 1
0.745455 1 2 1 0 7 3 0 2 468.085 0.453359 0.453359 1 2 1
0.745455 1 2 3 0 7 3 0 3 4596.59 0.720411 0.762104 3 2.33333 1
0.745455 1 2 0 0 1 1 0 2 2401.6 0.609549 0.609549 1 2 1
0.745455 1 1 2 0 1 1 0 2 1120.97 0.609304 0.609304 1 2 1
0.745455 1 1 0 0 1 1 0 3 8362.75 0.472723 0.581051 35 2.05714 1
0.745455 1 1 2 0 7 3 0 0 0 0 0 0 0 1
0.745455 1 1 2 0 2 3 0 0 0 0 0 0 0 1
0.745455 1 1 0 0 2 3 0 2 1916.62 0.360802 0.360802 1 2 1
0.745455 1 1 2 0 2 3 0 3 991.243 0.851484 0.657507 68 2.04412 1
0.745455 1 1 1 0 1 1 0 2 2756.38 0.140272 0.541869 4 2 1
0.745455 1 0 1 0 1 1 0 0 0 0 0 0 0 1
0.745455 1 0 2 0 13 3 0 2 12085.1 0.262439 0.262439 1 2 1
0.745455 1 0 2 0 7 3 0 0 0 0 0 0 0 1
0.745455 1 0 2 1 7 3 0 0 0 0 0 0 0 1
0.745455 1 0 3 0 4 3 0 2 0.361111 0.18783 0.150819 2 2 1
0.745455 1 0 1 0 1 1 0 2 399.123 0.451838 0.527054 2 2 1
0.745455 1 0 3 1 7 3 0 4 2178.72 0.878397 0.748626 78 2.07692 1
0.745455 1 2 3 0 8 2 0 3 10299 0.394445 0.566327 4 2.25 1
0.745455 1 2 1 0 1 1 0 2 4961.95 0.189383 0.189383 1 2 1
0.745455 1 2 0 1 7 3 0 2 207.733 0.964756 0.790471 8 2 1
0.745455 1 2 2 0 1 1 0 0 0 0 0 0 0 1
0.745455 1 2 3 0 1 1 0 3 489.144 0.177026 0.468373 18 2.11111 1
0.745455 1 2 3 0 2 3 0 4 3212.64 0.283074 0.659224 24 2.20833 1
0.745455 1 2 1 1 4 3 0 3 2862.84 0.280986 0.611547 224 2.06696 1
0.745455 1 2 2 0 1 1 0 2 1556.82 0.832602 0.832602 1 2 1
0.745455 1 2 3 0 1 1 0 4 10077.9 0.832679 0.610429 13 2.46154 1
0.745455 1 2 0 0 1 1 0 3 866.561 0.663434 0.559675 5 2.2 1
0.745455 1 1 2 0 1 1 0 2 8802.82 0.429678 0.429678 1 2 1
0.745455 1 1 2 0 1 1 0 0 0 0 0 0 0 1
0.745455 1 1 3 0 1 1 0 0 0 0 0 0 0 1
0.745455 1 1 0 0 1 1 0 2 934.458 0.698737 0.699631 2 2 1
0.745455 1 1 2 0 10 3 0 2 31.8972 0.615401 0.700301 5 2 1
0.745455 1 1 2 0 1 1 0 0 0 0 0 0 0 1
0.745455 1 1 1 0 1 1 0 2 572.945 0.514829 0.726046 17 2 1
0.745455 1 0 1 0 7 3 0 3 1035.04 0.177912 0.521206 28 2.10714 1
0.745455 1 0 2 0 3 2 0 2 54.7028 0.43478 0.78694 3 2 1
0.745455 1 0 2 0 1 1 1 2 306.933 0.580945 0.514978 2 2 1
0.745455 1 0 2 0 1 1 2 0 0 0 0 0 0 1
0.745455 0 2 0 0 1 1 0 6 4146.26 0.519381 0.579606 44 2.13636 1
0.745455 0 2 2 0 1 1 0 2 6836.55 0.928883 0.541918 2 2 2
0.745455 0 2 0 0 1 1 0 0 0 0 0 0 0 1
0.745455 0 2 0 0 1 1 0 0 0 0 0 0 0 1
0.745455 0 2 0 0 1 1 0 2 902.556 0.454006 0.454006 1 2 1
0.745455 0 2 3 0 15 7 0 2 4449.27 0.825305 0.825305 1 2 1
0.745455 0 2 0 0 11 5 0 2 195.132 0.184311 0.5753 14 2 1
0.745455 0 1 3 0 3 2 0 2 342.525 0.764034 0.74765 3 2 2
0.745455 0 1 0 0 1 1 0 2 4856.51 0.891668 0.752677 7 2 1
0.745455 0 1 0 0 1 1 0 3 10285.4 0.402152 0.584371 2 2.5 1
0.745455 0 1 1 1 1 1 0 2 9685.51 0.707461 0.707461 1 2 1
0.745455 0 1 1 0 1 1 0 0 0 0 0 0 0 1
0.745455 0 1 0 0 11 5 0 0 0 0 0 0 0 2
0.745455 0 1 3 1 13 3 0 2 1092.05 0.902589 0.756871 4 2 1
0.745455 0 1 0 0 1 1 0 2 5295.72 0.278872 0.626628 2 2 1
0.745455 0 1 0 0 1 1 0 2 563.567 0.262476 0.576484 8 2 1
0.745455 0 1 0 0 1 1 0 2 1038.27 0.719486 0.719486 1 2 1
0.745455 0 1 3 0 12 5 0 2 2736.63 0.947351 0.947351 1 2 1
0.745455 0 0 2 0 7 3 0 2 766.592 0.932154 0.225305 19 2 1
0.745455 0 0 3 0 1 1 0 2 1676.03 0.843193 0.587022 2 2 1
0.745455 0 0 3 0 1 1 0 6 4131.09 0.162485 0.51084 43 2.16279 1
0.745455 0 0 1 0 11 5 0 4 545.251 0.509078 0.619328 5 2.4 1
0.745455 0 0 3 1 18 3 2 0 0 0 0 0 0 1
0.745455 0 0 1 0 1 1 0 2 1063.06 0.370999 0.513155 6 2 1
0.745455 0 0 0 0 1 1 0 3 4256.33 0.436907 0.610088 39 2.05128 1
0.745455 0 0 3 2 4 3 0 0 0 0 0 0 0 1
0.745455 0 2 2 0 7 3 0 2 1056.67 0.574064 0.362642 2 2 1
0.745455 0 2 0 0 2 3 0 4 3393.41 0.314094 0.587227 143 2.03497 1
0.745455 0 2 2 0 2 3 0 2 524.101 0.53129 0.43655 10 2 1
0.745455 0 2 1 0 7 3 0 5 1063.13 0.793204 0.707618 259 2.06178 1
0.745455 0 2 3 1 2 3 0 3 10608.5 0.252025 0.528107 8 2.125 1
0.745455 0 2 1 0 8 2 0 3 990.061 0.258046 0.591667 41 2.07317 1
0.745455 0 2 2 0 1 1 0 4 359.747 0.740663 0.72623 308 2.09416 1
0.745455 0 1 3 0 10 3 0 4 358.946 0.416751 0.63882 385 2.07532 1
0.745455 0 1 3 0 7 3 0 2 1.06667 0.799314 0.859882 2 2 1
0.745455 0 1 2 0 12 5 0 3 6017.07 0.603965 0.589251 9 2.22222 1
0.745455 0 1 0 0 18 3 0 2 1248.68 0.917035 0.757894 18 2 1
0.745455 0 1 3 0 1 1 0 2 9.94931 0.665248 0.531359 3 2 1
0.745455 0 1 2 0 7 3 0 0 0 0 0 0 0 1
0.745455 0 1 2 0 1 1 0 2 85.2556 0.77806 0.77806 1 2 1
0.745455 0 1 1 0 1 1 0 5 490.578 0.170393 0.534509 73 2.21918 1
0.745455 0 1 3 0 19 5 0 3 1706.05 0.641683 0.63892 292 2.06164 1
0.745455 0 1 3 0 1 1 0 2 899.008 0.825811 0.452226 13 2 1
0.745455 0 1 0 0 8 2 0 2 553.992 0.791384 0.762498 3 2 1
0.745455 0 1 2 0 8 2 0 2 602.013 0.442993 0.606027 6 2 1
0.745455 0 1 2 0 22 5 0 0 0 0 0 0 0 1
0.745455 0 1 3 0 10 3 0 3 1887.02 0.928953 0.740537 123 2.08943 1
0.745455 0 1 3 0 14 6 0 4 5133.43 0.889588 0.717788 186 2.06989 2
0.745455 0 1 2 0 3 2 0 0 0 0 0 0 0 1
0.745455 0 1 0 0 2 3 0 2 254.333 0.695355 0.436487 3 2 1
0.745455 0 1 0 0 2 3 0 0 0 0 0 0 0 1
0.745455 0 1 3 0 1 1 0 0 0 0 0 0 0 1
0.745455 0 1 1 0 5 3 0 3 3180.54 0.664802 0.587241 46 2.06522 1
0.745455 0 1 0 0 4 3 0 0 0 0 0 0 0 1
0.745455 0 0 3 0 2 3 0 2 1855.7 0.508114 0.573335 2 2 1
0.745455 0 0 3 0 2 3 0 2 683.119 0.412945 0.360347 2 2 1
0.745455 0 0 3 0 4 3 0 4 348.032 0.690995 0.680713 258 2.09302 1
0.745455 0 0 3 0 7 3 0 2 151.394 0.797234 0.86409 5 2 1
0.745455 0 0 2 0 7 3 0 3 1115 0.343531 0.638469 136 2.07353 1
0.745455 0 0 2 1 2 3 0 4 346.629 0.736191 0.666413 520 2.06731 1
0.745455 0 0 0 0 7 3 0 2 4579.18 0.536253 0.536253 1 2 1
0.745455 0 0 3 0 7 3 0 4 2031.17 0.719689 0.723545 137 2.10949 1
0.745455 0 0 3 0 3 2 0 3 477.959 0.591306 0.309153 8 2.25 1
0.745455 0 0 0 0 13 3 0 0 0 0 0 0 0 1
0.745455 0 0 2 0 3 2 0 4 342.817 0.450439 0.653396 402 2.07463 1
0.745455 0 0 2 0 8 2 0 3 6001.26 0.572192 0.658919 6 2.16667 1
0.745455 0 0 0 0 2 3 0 4 2173.41 0.852176 0.569616 116 2.08621 1
0.745455 0 0 0 2 4 3 0 3 13926.4 0.638881 0.668344 5 2.2 1
0.745455 0 0 3 0 11 5 0 0 0 0 0 0 0 1
0.745455 0 0 0 0 6 4 0 4 2170.29 0.802752 0.557948 122 2.12295 1
0.745455 0 2 2 0 1 1 0 2 813.954 0.862022 0.663594 5 2 1
0.745455 0 2 0 0 1 1 0 2 5923.34 0.955543 0.955543 1 2 1
0.745455 0 2 2 0 3 2 0 3 10038.3 0.519476 0.649062 23 2.04348 2
0.745455 0 2 3 0 4 3 0 3 37.0042 0.882384 0.632266 17 2.11765 1
0.745455 0 2 3 0 1 1 0 2 1.07708 0.982912 0.86183 2 2 1
0.745455 0 2 2 0 1 1 0 3 18.6868 0.503616 0.426295 4 2.25 1
0.745455 0 2 0 0 11 5 0 2 18.8229 0.0892211 0.399603 5 2 1
0.745455 0 2 2 0 1 1 0 3 7978.22 0.953814 0.600499 37 2.10811 1
0.745455 0 2 0 2 2 3 0 4 57.9396 0.362677 0.621232 21 2.09524 2
0.745455 0 1 2 0 1 1 0 3 28.8667 0.611425 0.642554 22 2.09091 1
0.745455 0 1 3 0 1 1 0 4 56.6181 0.155871 0.650039 19 2.10526 1
0.745455 0 1 2 0 1 1 0 3 8276.79 0.919707 0.588563 28 2.14286 1
0.745455 0 1 2 0 3 2 0 3 9.52778 0.144698 0.315938 4 2.5 1
0.745455 0 1 0 0 1 1 0 3 1235.87 0.914065 0.601991 65 2.04615 1
0.745455 0 1 0 0 1 1 0 2 29.6097 0.642113 0.676821 3 2 1
0.745455 0 1 0 1 1 1 0 3 4894.26 0.689965 0.803391 8 2.25 1
0.745455 0 1 2 0 25 3 0 3 42.9424 0.805832 0.601569 12 2.08333 2
0.745455 0 1 1 0 1 1 0 3 1232.97 0.626772 0.63692 94 2.03191 1
0.745455 0 1 3 0 1 1 0 0 0 0 0 0 0 1
0.745455 0 1 0 0 3 2 0 3 23.9069 0.697391 0.315467 5 2.4 1
0.745455 0 0 3 0 1 1 0 4 3985.27 0.755365 0.438008 31 2.12903 1
0.745455 0 0 0 0 1 1 0 3 1.01319 0.893202 0.544854 20 2.15 1
0.745455 0 0 3 0 3 2 0 2 3114.61 0.652193 0.652193 1 2 1
0.745455 0 0 2 0 1 1 0 3 1449.78 0.77095 0.612314 3 2.33333 1
0.745455 0 0 2 0 6 4 0 3 44.1278 0.251201 0.526368 13 2.07692 1
0.745455 0 0 2 0 1 1 0 3 5523.36 0.464173 0.736934 20 2.2 1
0.745455 0 0 0 0 2 3 0 4 3464.9 0.917381 0.726114 28 2.10714 2
0.745455 0 0 3 0 1 1 0 3 8880.02 0.663477 0.689817 11 2.09091 1
0.745455 0 0 0 0 1 1 0 2 654.459 0.776347 0.848275 4 2 1
0.745455 0 0 3 0 1 1 0 3 6965.68 0.680215 0.32237 3 2.33333 2
0.745455 0 0 1 0 6 4 0 3 1127 0.0505208 0.54835 37 2.05405 1
0.745455 0 0 3 0 1 1 0 3 21.1819 0.697052 0.568983 12 2.16667 1
0.745455 0 0 2 0 6 4 0 2 0.4375 0.876132 0.797253 8 2 1
0.745455 0 0 2 0 1 1 0 2 673.217 0.465943 0.680959 3 2 1
0.745455 0 0 1 0 1 1 0 2 0.734722 0.191543 0.443526 4 2 1
0.745455 0 0 0 0 6 4 0 2 40.6708 0.381655 0.381655 1 2 1
0.745455 0 0 0 0 3 2 0 2 1315.62 0.519814 0.710637 5 2 1
0.745455 0 0 3 0 1 1 0 2 19.0674 0.574774 0.61992 12 2 1
0.745455 0 0 2 0 1 1 0 2 1.35972 0.307807 0.705392 5 2 1
0.745455 0 0 3 0 1 1 0 2 6478.39 0.653439 0.664439 3 2 1
0.745455 0 0 0 0 1 1 0 3 282.516 0.929179 0.746594 5 2.2 1
0.745455 0 0 0 0 1 1 0 2 15.4993 0.569188 0.569188 1 2 1
0.745455 0 0 3 0 1 1 0 3 37.3632 0.913254 0.786687 8 2.125 1
0.745455 0 0 0 0 1 1 0 2 240.745 0.10822 0.375432 3 2 1
0.745455 0 0 2 0 1 1 0 3 35.6194 0.283967 0.381049 9 2.44444 1
0.745455 0 0 1 0 1 1 0 3 843.235 0.972477 0.583342 95 2.04211 1
0.745455 0 0 0 0 1 1 0 0 0 0 0 0 0 1
0.745455 0 0 0 0 1 1 0 2 0.296528 0.623134 0.643245 4 2 1
0.745455 0 0 0 0 1 1 0 2 17.4271 0.665876 0.65014 8 2 1
0.745455 0 0 3 0 3 2 0 3 16.35 0.603891 0.617463 11 2.18182 1
0.745455 3 2 3 0 1 1 0 3 24.966 0.994505 0.674952 13 2.15385 1
0.745455 3 2 2 0 18 3 0 3 1750.15 0.933754 0.657843 43 2.11628 1
0.745455 3 2 2 0 1 1 0 2 2.17847 0.499015 0.650307 9 2 1
0.745455 3 2 3 0 1 1 0 2 9.14306 0.478426 0.400543 3 2 1
0.745455 3 2 1 0 1 1 0 3 21.3681 0.808304 0.741453 13 2.07692 1
0.745455 3 2 0 0 1 1 0 3 8579.82 0.303914 0.512191 30 2.06667 1
0.745455 3 2 3 0 7 3 0 2 12605.5 0.720402 0.644452 2 2 1
0.745455 3 2 3 0 1 1 0 3 1195.44 0.699638 0.830935 9 2.11111 1
0.745455 3 2 0 0 1 1 0 0 0 0 0 0 0 1
0.745455 3 2 3 0 1 1 0 0 0 0 0 0 0 1
0.745455 3 2 3 0 1 1 0 3 10854.1 0.508085 0.552242 7 2.28571 1
0.745455 3 2 3 0 1 1 0 3 750.09 0.671801 0.620817 22 2.13636 1
0.745455 3 2 0 0 1 1 0 4 4460.95 0.521086 0.573647 208 2.14904 2
0.745455 3 2 2 0 1 1 0 3 26.9979 0.159534 0.62104 18 2.05556 2
0.745455 3 2 3 0 1 1 0 2 3188.52 0.791124 0.791124 1 2 1
0.745455 3 1 1 0 1 1 0 0 0 0 0 0 0 1
0.745455 3 1 3 0 1 1 0 4 25.434 0.877365 0.634598 17 2.11765 1
0.745455 3 1 2 0 1 1 0 2 4.05556 0.0697413 0.381722 5 2 2
0.745455 3 1 0 0 1 1 0 3 22.3111 0.80971 0.725654 4 2.25 2
0.745455 3 1 0 0 1 1 0 0 0 0 0 0 0 1
0.745455 3 1 3 0 1 1 0 3 169.831 0.825574 0.739355 19 2.31579 1
0.745455 3 1 2 0 1 1 0 2 21.009 0.954778 0.954778 1 2 1
0.745455 3 1 2 0 1 1 0 2 16.3646 0.380725 0.380725 1 2 1
0.745455 3 1 2 0 1 1 0 2 0.174306 0.635421 0.66447 2 2 1
0.745455 3 1 2 0 1 1 0 2 973.067 0.578639 0.578639 1 2 1
0.745455 3 1 1 1 18 3 0 2 0.815278 0.576735 0.745368 2 2 1
0.745455 3 1 0 0 1 1 0 2 0.333333 0.369644 0.581896 7 2 1
0.745455 3 1 0 0 1 1 0 0 0 0 0 0 0 1
0.745455 3 1 3 0 1 1 0 3 11.9333 0.368279 0.589474 16 2.125 1
0.745455 3 1 3 0 1 1 0 3 21.334 0.924826 0.692259 13 2.07692 1
0.745455 3 1 2 0 1 1 0 2 6.925 0.382474 0.382474 1 2 1
0.745455 3 1 0 0 3 2 0 2 3.47361 0.625895 0.594447 12 2 1
0.745455 3 1 0 0 1 1 0 3 11266.9 0.522545 0.520978 15 2.13333 1
0.745455 3 1 3 0 4 3 0 2 71.2257 0.67785 0.731487 10 2 1
0.745455 3 1 0 0 1 1 0 2 21.6451 0.323669 0.323669 1 2 1
0.745455 3 1 3 0 1 1 0 2 18.084 0.680489 0.610826 2 2 1
0.745455 3 1 2 0 1 1 0 3 14.9222 0.325471 0.379072 11 2.18182 2
0.745455 3 1 2 0 1 1 0 2 8.56389 0.159956 0.448343 4 2 1
0.745455 3 1 1 0 1 1 0 4 3958.89 0.486788 0.385856 32 2.125 1
0.745455 3 1 0 0 1 1 0 3 587.678 0.9616 0.614014 144 2.09722 1
0.745455 3 1 0 0 1 1 0 4 20.7222 0.259632 0.698695 17 2.11765 1
0.745455 3 1 2 0 1 1 0 3 18.9403 0.497004 0.660949 14 2.07143 1
0.745455 3 1 1 0 1 1 0 2 220.738 0.731281 0.731281 1 2 1
0.745455 3 1 0 0 2 3 0 3 18.5479 0.957652 0.891103 6 2.16667 1
0.745455 3 1 0 0 1 1 0 3 13228 0.823099 0.42243 3 2.33333 1
0.745455 3 1 0 0 1 1 0 4 19.8882 0.866774 0.715582 15 2.2 1
0.745455 3 1 0 0 1 1 0 3 13227.9 0.850215 0.646752 2 2.5 1
0.745455 3 1 2 0 1 1 0 4 19.4083 0.660693 0.627401 12 2.16667 1
0.745455 3 1 2 0 6 4 0 4 3957.21 0.332136 0.569057 37 2.10811 1
0.745455 3 1 2 0 1 1 0 3 17.9118 0.546383 0.588411 13 2.07692 1
0.745455 3 1 0 0 1 1 0 3 191.765 0.887415 0.603165 5 2.6 1
0.745455 3 1 2 0 1 1 0 3 16.8833 0.839908 0.771414 8 2.125 1
0.745455 3 1 1 0 1 1 0 0 0 0 0 0 0 1
0.745455 3 1 1 0 1 1 0 3 15.8688 0.716905 0.686745 12 2.08333 1
0.745455 3 1 1 0 1 1 0 3 6571.29 0.838568 0.639554 6 2.16667 1
0.745455 3 1 0 0 1 1 0 2 4.24097 0.779976 0.717052 6 2 1
0.745455 3 1 0 0 1 1 0 3 15.1056 0.162918 0.264647 3 2.33333 1
0.745455 3 0 1 0 1 1 0 2 2.98056 0.308014 0.661416 5 2 1
0.745455 3 0 0 0 1 1 0 2 11.6299 0.903766 0.693324 2 2 1
0.745455 3 0 3 0 15 7 0 0 0 0 0 0 0 1
0.745455 3 0 2 0 1 1 0 0 0 0 0 0 0 1
0.745455 3 0 3 0 1 1 0 3 3477.97 0.679219 0.603888 24 2.04167 1
0.745455 3 0 2 0 1 1 0 4 3953.05 0.498455 0.388098 29 2.13793 1
0.745455 3 0 3 0 1 1 0 2 13566.9 0.374767 0.374767 1 2 1
0.745455 3 0 1 0 1 1 0 3 2.43819 0.986721 0.726071 9 2.22222 1
0.745455 3 0 1 0 1 1 0 4 14.1014 0.790767 0.793177 13 2.15385 1
0.745455 3 0 1 0 1 1 0 3 11.8639 0.34849 0.553248 13 2.07692 1
0.745455 3 0 0 0 1 1 0 3 11.5069 0.61674 0.713881 11 2.09091 1
0.745455 3 0 3 0 1 1 0 3 13221.6 0.796299 0.796299 1 3 1
0.745455 3 0 3 0 10 3 0 2 7.52083 0.945872 0.83172 4 2 1
0.745455 3 0 3 0 10 3 0 3 1.80208 0.507736 0.529439 11 2.18182 1
0.745455 3 0 3 0 1 1 0 2 1375.67 0.679825 0.581478 5 2 1
0.745455 3 0 3 0 1 1 0 3 12.0451 0.103312 0.565391 8 2.125 1
0.745455 3 0 0 0 1 1 0 4 3950.54 0.792515 0.426962 24 2.16667 1
0.745455 3 0 3 0 4 3 0 2 0.588194 0.637549 0.366483 2 2 1
0.745455 3 0 2 0 1 1 0 2 4915.75 0.857481 0.74312 3 2 1
0.745455 3 0 2 0 1 1 0 3 0.683333 0.262786 0.598942 12 2.16667 1
0.745455 3 0 2 0 1 1 0 3 10.1076 0.167031 0.540123 9 2.11111 1
0.745455 3 0 1 0 1 1 0 0 0 0 0 0 0 1
0.745455 3 0 1 1 2 3 0 3 254.613 0.839013 0.711919 4 2.25 1
0.745455 3 0 0 0 1 1 0 3 0.172917 0.77351 0.552716 6 2.33333 1
0.745455 3 0 3 0 1 1 0 3 3.25903 0.567775 0.501192 9 2.11111 2
0.745455 3 0 2 0 1 1 0 4 11.3819 0.999476 0.639519 6 2.33333 1
0.745455 3 0 1 0 1 1 0 4 11.1451 0.993548 0.628961 8 2.25 1
0.745455 3 0 1 0 1 1 0 4 879.86 0.556692 0.527906 82 2.07317 2
0.745455 3 0 0 0 1 1 0 2 3267.15 0.635464 0.29811 3 2 1
0.745455 3 0 0 0 10 3 0 3 8.53264 0.888309 0.73384 11 2.09091 1
0.745455 3 0 2 0 1 1 0 2 2.30694 0.853511 0.924024 3 2 1
0.745455 3 0 2 0 1 1 0 2 18.7361 0.972103 0.959093 2 2 1
0.745455 3 0 3 0 1 1 0 0 0 0 0 0 0 1
0.745455 3 0 3 0 1 1 0 2 832.903 0.979732 0.947118 2 2 1
0.745455 3 0 2 0 1 1 0 3 5853.83 0.815907 0.815907 1 3 1
0.745455 3 0 2 0 1 1 0 0 0 0 0 0 0 1
0.745455 3 0 1 0 1 1 0 3 1525.8 0.713358 0.709225 118 2.0678 1
0.745455 3 0 3 0 1 1 0 2 0.538889 0.62188 0.633075 7 2 2
0.745455 3 0 1 0 1 1 0 3 250.586 0.567309 0.363588 2 2.5 1
0.745455 3 0 0 0 1 1 1 2 2.01667 0.65608 0.65608 1 2 1
0.745455 3 0 0 0 1 1 0 2 1241.42 0.783779 0.860946 2 2 1
0.745455 3 2 0 0 1 1 0 2 0.0680556 0.866139 0.5572 2 2 1
0.745455 3 2 0 0 1 1 0 4 7.88056 0.703655 0.522038 8 2.25 1
0.745455 3 2 0 0 1 1 0 2 5.29097 0.42576 0.654417 5 2 1
0.745455 3 2 3 0 1 1 0 3 6.28889 0.798962 0.633107 10 2.1 1
0.745455 3 2 3 0 1 1 0 4 3945.47 0.574817 0.410638 26 2.15385 1
0.745455 3 2 3 0 1 1 0 2 2.74236 0.903188 0.762291 7 2 1
0.745455 3 2 2 0 1 1 0 3 4.69097 0.488069 0.533314 2 2.5 1
0.745455 3 2 2 0 1 1 0 4 7.29931 0.611209 0.654667 9 2.22222 1
0.745455 3 2 2 0 1 1 0 2 1.84722 0.765013 0.685556 5 2 1
0.745455 3 2 1 0 1 1 0 4 3944.98 0.644737 0.446449 26 2.15385 1
0.745455 3 2 1 0 1 1 0 3 1091.01 0.0273793 0.55441 35 2.05714 1
0.745455 3 2 0 0 1 1 0 3 1188.87 0.916578 0.616452 62 2.04839 1
0.745455 3 2 0 0 1 1 0 4 3944.76 0.624519 0.459251 24 2.16667 1
0.745455 3 2 3 0 1 1 0 2 73.1729 0.782878 0.814206 3 2 1
0.745455 3 2 3 0 1 1 0 2 10753.5 0.929082 0.929082 1 2 1
0.745455 3 2 3 0 1 1 0 4 3944.31 0.764979 0.522472 23 2.17391 1
0.745455 3 2 2 0 1 1 0 3 8997.98 0.614778 0.418402 11 2.09091 2
0.745455 3 2 2 0 1 1 0 3 6343.81 0.594645 0.760575 5 2.2 1
0.745455 3 2 1 0 1 1 0 2 14.9 0.551807 0.372577 3 2 1
0.745455 3 2 0 0 1 1 0 3 3.78681 0.285257 0.310329 5 2.2 1
0.745455 3 2 0 0 1 1 0 3 4.58264 0.351463 0.720364 9 2.11111 1
0.745455 3 2 0 0 1 1 0 2 13673.7 0.757407 0.757407 1 2 1
0.745455 3 2 3 0 1 1 0 4 3943.53 0.565745 0.456767 22 2.13636 2
0.745455 3 2 3 0 1 1 0 4 3943.52 0.469698 0.455335 23 2.13043 1
0.745455 3 2 3 0 1 1 0 3 8840.01 0.602592 0.587437 9 2.11111 1
0.745455 3 2 3 0 1 1 0 3 4.01389 0.583824 0.609727 7 2.14286 1
0.745455 3 2 2 0 1 1 0 2 1246.09 0.702532 0.702532 1 2 1
0.745455 3 2 1 0 1 1 0 4 5.12639 0.212532 0.651645 11 2.18182 1
0.745455 3 2 1 0 1 1 0 4 5.12292 0.450604 0.617362 8 2.25 1
0.745455 3 2 1 0 1 1 0 0 0 0 0 0 0 1
0.745455 3 2 0 0 1 1 0 3 1441.24 0.33731 0.627395 192 2.05208 2
0.745455 3 2 0 0 1 1 0 3 108.178 0.530097 0.610826 66 2.15152 1
0.745455 3 2 0 0 1 1 0 0 0 0 0 0 0 2
0.745455 3 2 0 0 1 1 0 6 4391.19 0.537477 0.525951 41 2.19512 1
0.745455 3 2 3 0 1 1 0 3 2.46181 0.398623 0.482471 5 2.2 1
0.745455 3 2 3 0 1 1 0 4 4.45833 0.859517 0.793214 3 2.66667 1
0.745455 3 2 2 0 1 1 0 4 3942.25 0.815776 0.543636 17 2.17647 1
0.745455 3 2 2 0 1 1 0 3 12801.5 0.360602 0.360602 1 3 1
0.745455 3 2 3 0 1 1 0 2 871.4 0.777632 0.668861 3 2 1
0.745455 3 2 3 0 1 1 0 2 1.45278 0.290964 0.290964 1 2 1
0.745455 3 2 2 0 1 1 0 0 0 0 0 0 0 1
0.745455 3 2 2 0 1 1 0 3 245.841 0.420179 0.695417 2 2.5 1
0.745455 3 2 1 0 1 1 0 3 634.559 0.757558 0.677278 46 2.13043 1
0.745455 3 2 1 0 1 1 0 4 3940.88 0.696056 0.533887 17 2.11765 2
0.745455 3 2 0 0 1 1 0 3 0.304861 0.245453 0.429238 8 2.5 1
0.745455 3 2 0 0 1 1 0 3 14230.2 0.902031 0.887911 2 2.5 1
0.745455 3 2 0 0 1 1 0 0 0 0 0 0 0 1
0.745455 3 2 0 0 1 1 0 3 1406.21 0.879299 0.879299 1 3 1
0.745455 3 2 0 0 1 1 0 2 700.724 0.760541 0.612259 9 2 1
0.745455 3 2 0 0 1 1 0 2 0.00277778 0.222988 0.65922 7 2 1
0.745455 3 2 0 0 1 1 0 2 0.553472 0.213312 0.484531 4 2 1
0.745455 3 2 3 0 1 1 0 3 54.2146 0.714633 0.659191 9 2.22222 2
0.745455 3 2 3 0 1 1 0 2 1.1875 0.115927 0.115927 1 2 2
0.763636 2 2 0 0 7 3 0 0 0 0 0 0 0 1
0.763636 2 2 0 0 6 4 0 3 6402.22 0.217144 0.540236 5 2.2 1
0.763636 2 1 2 0 6 4 0 3 8518.74 0.282565 0.632948 36 2.05556 1
0.763636 2 1 2 1 7 3 0 2 391.177 0.75222 0.733483 4 2 1
0.763636 2 1 0 2 1 1 0 0 0 0 0 0 0 1
0.763636 2 1 0 0 1 1 0 2 77.7319 0.199796 0.434495 5 2 1
0.763636 2 1 0 0 1 1 0 2 779.479 0.225889 0.418255 2 2 1
0.763636 2 1 0 0 1 1 0 3 1632.85 0.0407199 0.5184 19 2.10526 1
0.763636 2 1 3 0 1 1 0 3 5746.98 0.157414 0.499963 7 2.14286 1
0.763636 2 0 3 0 4 3 0 2 367.699 0.59005 0.61295 9 2 1
0.763636 2 0 2 0 4 3 0 4 114.394 0.675714 0.550815 39 2.07692 1
0.763636 2 0 2 0 1 1 0 3 14324.6 0.811026 0.563435 5 2.2 1
0.763636 2 0 1 0 14 6 0 2 736.552 0.792544 0.700111 8 2 1
0.763636 2 0 3 0 3 2 0 4 285.491 0.976979 0.676502 30 2.16667 1
0.763636 2 0 2 0 2 3 0 3 1830.1 0.639918 0.577581 3 2.33333 1
0.763636 2 2 0 0 1 1 0 0 0 0 0 0 0 1
0.763636 2 2 0 0 4 3 0 3 1970.09 0.754995 0.743839 7 2.14286 1
0.763636 2 2 0 0 4 3 0 2 1225.61 0.706426 0.610312 2 2 1
0.763636 2 2 0 2 4 3 0 2 745.965 0.128424 0.134812 3 2 2
0.763636 2 2 0 0 4 3 0 0 0 0 0 0 0 1
0.763636 2 2 2 0 1 1 0 2 1910.83 0.237824 0.237824 1 2 1
0.763636 2 2 3 0 19 5 0 2 1145.96 0.679347 0.679347 1 2 1
0.763636 2 2 2 0 4 3 0 3 3921.15 0.342676 0.408177 30 2.1 1
0.763636 2 2 3 0 1 1 0 3 1094.13 0.439714 0.364008 2 2.5 1
0.763636 2 1 3 0 19 5 0 0 0 0 0 0 0 1
0.763636 2 1 0 0 14 6 2 0 0 0 0 0 0 1
0.763636 2 1 3 2 4 3 2 4 6531.06 0.841263 0.642155 7 2.28571 1
0.763636 2 1 3 0 10 3 2 0 0 0 0 0 0 1
0.763636 2 0 1 0 19 5 0 0 0 0 0 0 0 1
0.763636 2 0 3 0 19 5 0 4 83.5778 0.571281 0.575217 36 2.08333 1
0.763636 2 0 0 0 2 3 0 3 10324.4 0.516904 0.463187 19 2.10526 1
0.763636 2 0 3 0 1 1 0 0 0 0 0 0 0 1
0.763636 2 0 0 0 1 1 0 4 415.013 0.464331 0.699909 100 2.08 1
0.763636 2 2 0 0 10 3 0 3 6109.46 0.614993 0.577238 14 2.14286 1
0.763636 2 2 3 0 4 3 0 2 157.194 0.593532 0.474431 4 2 1
0.763636 2 2 0 0 13 3 0 3 185.056 0.868282 0.645414 28 2.10714 1
0.763636 2 2 0 0 2 3 0 2 1075 0.79249 0.79249 1 2 1
0.763636 2 2 1 0 7 3 0 4 68.1104 0.572991 0.598515 33 2.09091 1
0.763636 2 2 0 0 1 1 0 3 2150.09 0.899014 0.731374 35 2.02857 1
0.763636 2 2 3 0 6 4 0 2 1138.32 0.867628 0.39416 4 2 1
0.763636 2 2 2 0 1 1 0 3 172.1 0.539357 0.62643 28 2.07143 1
0.763636 2 1 1 0 1 1 0 3 340.333 0.267317 0.634363 52 2.15385 1
0.763636 2 1 2 0 1 1 0 3 6.57153 0.325941 0.359682 14 2.35714 1
0.763636 2 1 3 0 1 1 0 2 9.22639 0.60699 0.637697 4 2 1
0.763636 2 1 0 0 1 1 0 3 10555.1 0.452321 0.488437 11 2.36364 1
0.763636 2 1 0 0 18 3 2 2 25.7764 0.634002 0.760707 3 2 1
0.763636 2 1 2 0 14 6 0 2 1865.33 0.583423 0.486684 3 2 1
0.763636 2 1 1 0 2 3 0 3 1038.17 0.23017 0.508281 69 2.04348 1
0.763636 2 1 0 0 1 1 0 3 1077.79 0.544945 0.367679 4 2.25 1
0.763636 2 1 1 0 1 1 0 0 0 0 0 0 0 1
0.763636 2 1 0 0 1 1 0 0 0 0 0 0 0 2
0.763636 2 1 2 0 7 3 0 2 1691.46 0.729273 0.729273 1 2 1
0.763636 2 1 0 0 4 3 0 0 0 0 0 0 0 1
0.763636 2 1 0 0 1 1 0 3 374.967 0.122367 0.383003 14 2.21429 2
0.763636 2 1 3 0 4 3 0 3 5632.29 0.931019 0.783331 4 2.25 2
0.763636 2 1 2 0 4 3 0 2 825.75 0.77155 0.77155 1 2 1
0.763636 2 1 3 0 1 1 0 0 0 0 0 0 0 1
0.763636 2 0 2 0 4 3 0 2 1264.26 0.595659 0.64092 4 2 1
0.763636 2 0 2 1 10 3 0 2 358.61 0.369861 0.524369 6 2 1
0.763636 2 0 1 0 4 3 0 2 9202.12 0.425745 0.425745 1 2 1
0.763636 2 0 0 0 1 1 0 3 6089.49 0.519785 0.563234 20 2.2 1
0.763636 2 0 2 0 7 3 0 2 7.15347 0.82747 0.715673 3 2 1
0.763636 2 0 1 0 1 1 0 3 97.2708 0.982851 0.662673 16 2.125 1
0.763636 2 0 1 0 1 1 0 3 303.634 0.999107 0.60532 13 2.30769 1
0.763636 2 0 0 0 1 1 0 2 6472.88 0.954655 0.952473 2 2 1
0.763636 2 0 2 0 4 3 1 4 11452.4 0.475842 0.647981 8 2.25 1
0.763636 2 0 2 0 1 1 0 2 14429.3 0.529092 0.529092 1 2 1
0.763636 2 0 2 0 1 1 0 3 1024.25 0.531332 0.463916 89 2.03371 1
0.763636 1 2 0 0 2 3 0 3 1781.27 0.639835 0.78011 54 2.09259 1
0.763636 1 2 3 0 3 2 0 3 11300 0.819928 0.819928 1 3 1
0.763636 1 2 2 0 7 3 0 2 744.06 0.99646 0.513072 5 2 1
0.763636 1 2 2 0 1 1 0 3 13867.4 0.371034 0.371034 1 3 1
0.763636 1 2 2 0 1 1 0 2 5261.94 0.803076 0.803076 1 2 1
0.763636 1 2 1 0 10 3 0 3 844.192 0.4443 0.718054 17 2.17647 1
0.763636 1 2 3 0 4 3 0 3 1290.86 0.743476 0.837468 3 2.33333 1
0.763636 1 2 1 0 1 1 0 3 3862.89 0.72827 0.556523 30 2.1 1
0.763636 1 2 0 0 1 1 0 0 0 0 0 0 0 1
0.763636 1 2 3 0 22 5 0 0 0 0 0 0 0 1
0.763636 1 2 0 0 17 6 0 3 336.509 0.945588 0.838825 4 2.25 1
0.763636 1 1 3 0 15 7 0 3 8428.96 0.547915 0.671742 32 2.09375 1
0.763636 1 1 0 0 10 3 0 3 5619.66 0.544398 0.547141 8 2.125 1
0.763636 1 1 3 0 14 6 0 3 1375.55 0.887462 0.768321 26 2.11538 2
0.763636 1 1 1 0 14 6 0 2 9733.69 0.619497 0.619497 1 2 1
0.763636 1 1 0 0 1 1 0 0 0 0 0 0 0 1
0.763636 1 1 2 0 2 3 0 2 2.93125 0.083165 0.592303 8 2 1
0.763636 1 1 2 0 8 2 0 4 1832.21 0.921319 0.623837 222 2.07207 1
0.763636 1 1 1 0 1 1 0 2 7.18194 0.402861 0.491032 2 2 1
0.763636 1 0 2 0 10 3 0 0 0 0 0 0 0 1
0.763636 1 0 1 1 2 3 0 3 1002.14 0.53281 0.468839 88 2.03409 1
0.763636 1 0 3 0 1 1 0 2 6938.46 0.684396 0.74098 3 2 1
0.763636 1 0 2 1 2 3 1 2 3032.22 0.36597 0.681643 8 2 1
0.763636 1 0 2 0 1 1 1 3 184.658 0.935818 0.737207 11 2.18182 1
0.763636 1 0 3 0 2 3 0 4 21.5083 0.510872 0.61711 23 2.13043 1
0.763636 1 0 3 0 1 1 0 0 0 0 0 0 0 1
0.763636 1 0 2 0 1 1 0 3 13087.2 0.870419 0.659308 14 2.14286 1
0.763636 1 0 0 0 5 3 0 4 10482.1 0.412213 0.637988 7 2.57143 1
0.763636 1 0 3 0 1 1 0 3 337.572 0.164289 0.377539 13 2.30769 1
0.763636 1 0 1 0 10 3 0 3 163.669 0.675542 0.673864 14 2.14286 1
0.763636 1 0 0 0 1 1 0 2 1140.8 0.909717 0.909717 1 2 1
0.763636 1 0 2 0 1 1 0 4 18.1674 0.882546 0.653871 49 2.08163 1
0.763636 1 0 0 0 1 1 0 3 8350.58 0.732242 0.654039 16 2.1875 2
0.763636 1 0 3 0 1 1 0 4 17.5424 0.567724 0.612755 30 2.1 1
0.763636 1 0 2 0 1 1 0 3 883.765 0.172844 0.525201 59 2.0339 1
0.763636 1 0 1 0 6 4 0 3 882.674 0.847391 0.74786 36 2.11111 1
0.763636 1 0 0 0 10 3 0 2 389.728 0.60023 0.471259 9 2 1
0.763636 1 2 1 0 14 6 0 3 3162.28 0.412122 0.433387 112 2.05357 1
0.763636 1 2 3 0 6 4 0 0 0 0 0 0 0 1
0.763636 1 2 3 0 6 4 0 3 11060.4 0.363545 0.508496 10 2.1 1
0.763636 1 2 0 0 10 3 0 4 11.7063 0.826401 0.660069 43 2.09302 1
0.763636 1 2 0 0 6 4 0 0 0 0 0 0 0 1
0.763636 1 2 0 0 4 3 0 3 8912.76 0.629665 0.597771 45 2.02222 1
0.763636 1 2 2 0 1 1 1 2 727.522 0.532253 0.696458 11 2 1
0.763636 1 2 2 0 1 1 1 4 7.26944 0.360819 0.640258 22 2.09091 1
0.763636 1 2 2 0 1 1 1 2 4792.67 0.433893 0.467025 2 2 1
0.763636 1 2 2 0 1 1 0 5 1508.39 0.187072 0.662713 277 2.05415 2
0.763636 1 2 3 0 1 1 0 3 323.769 0.129246 0.468918 13 2.30769 1
0.763636 1 2 2 0 1 1 0 4 5.24583 0.327922 0.675716 20 2.1 1
0.763636 1 2 2 0 1 1 0 6 4564.68 0.222803 0.639809 52 2.13462 1
0.763636 1 2 0 0 1 1 0 0 0 0 0 0 0 1
0.763636 1 2 0 1 17 6 0 4 4.7875 0.794745 0.652927 35 2.08571 1
0.763636 1 1 3 0 1 1 0 4 3.58681 0.491877 0.751439 21 2.14286 1
0.763636 1 1 2 0 1 1 0 4 3.36528 0.465239 0.727244 14 2.21429 1
0.763636 1 1 0 0 1 1 0 3 124.411 0.987697 0.616775 23 2.13043 1
0.763636 1 1 0 0 1 1 0 3 11212.5 0.62125 0.732253 6 2.33333 2
0.763636 1 1 3 0 3 2 0 3 320.64 0.151278 0.4473 11 2.36364 1
0.763636 1 1 3 0 1 1 0 3 149.699 0.48392 0.295221 8 2.25 1
0.763636 1 1 2 0 1 1 0 4 1.35833 0.872271 0.687315 45 2.08889 1
0.763636 1 1 2 0 1 1 0 3 122.803 0.332566 0.559986 18 2.16667 1
0.763636 1 1 3 0 7 3 0 3 2415.18 0.911501 0.796278 10 2.1 1
0.763636 1 1 2 0 1 1 0 4 0.201389 0.728331 0.717694 13 2.15385 1
0.763636 1 1 0 0 7 3 0 3 12793.9 0.910157 0.87067 7 2.14286 2
0.763636 1 1 0 0 1 1 0 0 0 0 0 0 0 1
0.763636 1 1 3 0 18 3 1 3 103.34 0.109105 0.595341 22 2.09091 1
0.763636 1 1 0 0 1 1 0 2 845.297 0.852164 0.852164 1 2 1
0.763636 1 1 0 0 1 1 0 2 28.0868 0.480281 0.704054 7 2 1
0.763636 1 1 0 0 8 2 0 2 733.705 0.430744 0.430744 1 2 1
0.763636 1 1 3 0 1 1 0 2 1154.49 0.877493 0.727899 3 2 1
0.763636 1 0 0 0 14 6 0 3 137.567 0.348435 0.617474 19 2.10526 1
0.763636 1 0 2 0 1 1 0 0 0 0 0 0 0 1
0.763636 1 0 0 0 1 1 0 3 969.092 0.558901 0.483867 89 2.03371 1
0.763636 1 0 3 0 1 1 0 3 112.231 0.631737 0.514116 17 2.17647 1
0.763636 1 0 3 0 1 1 0 3 406.062 0.796606 0.688118 8 2.125 1
0.763636 1 0 2 0 1 1 0 5 4529.36 0.438014 0.57763 171 2.10526 1
0.763636 1 0 2 0 1 1 0 0 0 0 0 0 0 1
0.763636 1 0 2 0 1 1 0 2 98.4958 0.263393 0.549258 7 2 1
0.763636 1 0 0 0 14 6 0 4 4518.97 0.281243 0.436694 238 2.12605 1
0.763636 1 0 0 0 2 3 0 3 130.431 0.837472 0.803416 10 2.2 1
0.763636 1 2 2 0 1 1 0 4 10173.4 0.377176 0.536752 7 2.42857 1
0.763636 1 2 3 0 2 3 0 0 0 0 0 0 0 1
0.763636 1 2 1 0 1 1 0 4 9878.13 0.73414 0.692249 104 2.06731 1
0.763636 1 2 2 0 4 3 0 3 59.4757 0.5804 0.584712 3 2.33333 1
0.763636 1 2 0 0 1 1 0 2 1154.41 0.251786 0.251786 1 2 2
0.763636 1 2 2 0 1 1 0 2 1320.01 0.402652 0.616178 7 2 2
0.763636 1 2 0 0 2 3 0 3 14638.7 0.913564 0.943669 2 2.5 1
0.763636 1 2 0 0 4 3 0 3 56.0451 0.807169 0.604403 5 2.2 1
0.763636 1 1 0 0 1 1 0 2 82.3063 0.774957 0.706981 3 2 1
0.763636 1 1 0 0 1 1 0 3 903.765 0.189914 0.403965 13 2.07692 1
0.763636 1 1 2 0 1 1 0 0 0 0 0 0 0 1
0.763636 1 1 2 0 1 1 3 0 0 0 0 0 0 1
0.763636 1 1 0 0 1 1 0 2 384.181 0.328927 0.54517 14 2 1
0.763636 1 1 0 0 1 1 0 3 8742.51 0.709755 0.641771 10 2.2 1
0.763636 1 1 0 0 6 4 0 2 6502.47 0.850518 0.850518 1 2 1
0.763636 1 1 0 0 1 1 0 0 0 0 0 0 0 1
0.763636 1 1 1 0 11 5 0 0 0 0 0 0 0 1
0.763636 1 1 0 0 1 1 0 3 118.617 0.210852 0.454482 16 2.1875 1
0.763636 1 1 3 0 1 1 0 3 897.54 0.154212 0.377286 11 2.09091 1
0.763636 1 0 2 0 1 1 2 6 4522.63 0.217733 0.631737 49 2.12245 1
0.763636 1 0 1 0 1 1 2 2 541.378 0.735499 0.735499 1 2 1
0.763636 1 0 1 0 1 1 2 2 441.082 0.901534 0.755615 2 2 1
0.763636 1 0 3 0 6 4 0 2 3184.5 0.170383 0.440745 4 2 1
0.763636 1 0 1 0 1 1 0 2 41.7313 0.884299 0.588577 15 2 1
0.763636 1 0 2 0 1 1 0 2 3385.53 0.915056 0.60275 3 2 1
0.763636 1 0 0 1 2 3 0 2 851.124 0.934727 0.591138 2 2 2
0.763636 0 2 1 0 1 1 0 2 1759.36 0.716305 0.716305 1 2 1
0.763636 0 2 0 0 1 1 0 2 6975.46 0.981414 0.981414 1 2 1
0.763636 0 2 2 0 1 1 0 0 0 0 0 0 0 1
0.763636 0 2 0 0 1 1 0 3 116.133 0.394476 0.472854 2 2.5 1
0.763636 0 2 0 0 1 1 0 2 15.9653 0.904807 0.616185 2 2 1
0.763636 0 2 0 0 1 1 0 3 99.5854 0.607948 0.566542 13 2.23077 1
0.763636 0 2 3 0 1 1 0 2 9420.29 0.50518 0.622007 2 2 1
0.763636 0 2 2 0 1 1 0 2 2339.58 0.828089 0.828089 1 2 1
0.763636 0 2 0 0 1 1 0 2 5358.75 0.7225 0.7225 1 2 1
0.763636 0 1 3 0 2 3 0 2 128.446 0.976892 0.976892 1 2 1
0.763636 0 1 0 0 7 3 0 2 95.7486 0.497124 0.497124 1 2 2
0.763636 0 1 2 0 1 1 0 3 870.226 0.201451 0.439691 10 2.1 1
0.763636 0 1 2 0 1 1 0 3 869.108 0.137287 0.471355 9 2.11111 1
0.763636 0 1 3 0 1 1 0 3 7554.18 0.574808 0.561913 5 2.4 1
0.763636 0 1 2 0 1 1 0 2 654.477 0.754153 0.794281 2 2 1
0.763636 0 1 2 0 7 3 0 3 1188.96 0.451707 0.533644 12 2.08333 1
0.763636 0 1 2 0 4 3 0 2 547.756 0.906671 0.485306 7 2 2
0.763636 0 1 2 0 1 1 0 3 8027.02 0.786947 0.587624 38 2.10526 1
0.763636 0 0 2 0 1 1 0 0 0 0 0 0 0 1
0.763636 0 0 0 0 8 2 0 3 12.0736 0.779965 0.61643 3 2.33333 1
0.763636 0 0 1 0 1 1 0 0 0 0 0 0 0 1
0.763636 0 0 0 0 1 1 0 2 13247.3 0.296533 0.296533 1 2 1
0.763636 0 0 3 0 1 1 0 3 91.0083 0.737734 0.681317 15 2.06667 1
0.763636 0 0 2 0 4 3 0 3 9.49792 0.318495 0.605836 2 2.5 1
0.763636 0 0 3 0 1 1 0 2 719.153 0.919845 0.720342 15 2 1
0.763636 0 0 2 0 1 1 0 2 75.8826 0.847545 0.731266 7 2 1
0.763636 0 0 0 0 1 1 0 2 1372.32 0.877149 0.877149 1 2 1
0.763636 0 2 1 0 1 1 0 2 18.3097 0.127927 0.376606 2 2 1
0.763636 0 2 0 0 14 6 0 3 1174.61 0.707775 0.662704 10 2.1 1
0.763636 0 2 0 0 5 3 0 0 0 0 0 0 0 1
0.763636 0 2 0 0 1 1 0 2 73.2049 0.769377 0.719777 3 2 1
0.763636 0 2 2 0 4 3 0 2 1366.85 0.951547 0.833313 2 2 1
0.763636 0 2 2 0 4 3 0 2 9091.54 0.513415 0.513415 1 2 2
0.763636 0 2 1 0 7 3 0 2 6717.59 0.756113 0.79409 3 2 1
0.763636 0 2 0 0 1 1 0 3 10670.2 0.680451 0.739028 7 2.28571 1
0.763636 0 2 3 0 4 3 0 5 859.156 0.468161 0.559471 73 2.17808 1
0.763636 0 2 3 0 4 3 0 2 8376.28 0.877286 0.813289 3 2 1
0.763636 0 2 2 0 1 1 0 3 88.4715 0.400826 0.400826 1 3 1
0.763636 0 2 0 0 2 3 0 0 0 0 0 0 0 2
0.763636 0 2 3 0 1 1 0 3 14079.3 0.973104 0.651629 5 2.2 1
0.763636 0 2 1 0 11 5 0 0 0 0 0 0 0 1
0.763636 0 2 3 0 1 1 1 3 13142.8 0.244376 0.721586 10 2.1 1
0.763636 0 2 0 0 1 1 1 3 5951.49 0.934882 0.643691 14 2.21429 1
0.763636 0 2 2 0 1 1 0 2 0.690278 0.546046 0.741948 9 2 1
0.763636 0 2 3 0 3 2 0 2 45.2514 0.436993 0.491037 8 2 1
0.763636 0 1 2 0 1 1 0 2 799.77 0.330911 0.330911 1 2 1
0.763636 0 1 1 0 1 1 0 0 0 0 0 0 0 1
0.763636 0 1 0 0 1 1 0 2 2.48333 0.569028 0.546059 16 2 1
0.763636 0 1 3 0 4 3 0 2 4818.93 0.299745 0.574133 2 2 1
0.763636 0 1 2 0 1 1 0 3 61.3972 0.609696 0.306581 7 2.28571 1
0.763636 0 1 1 0 18 3 0 0 0 0 0 0 0 1
0.763636 0 1 2 0 1 1 0 3 55.8493 0.597448 0.572925 21 2.09524 1
0.763636 0 1 1 0 10 3 0 4 5498 0.881741 0.575182 92 2.06522 1
0.763636 0 1 3 0 1 1 0 3 841.597 0.589485 0.699106 8 2.125 1
0.763636 0 1 0 0 1 1 0 2 71.6063 0.846208 0.846208 1 2 1
0.763636 0 1 0 0 1 1 0 0 0 0 0 0 0 1
0.763636 0 1 3 0 1 1 0 2 240.026 0.754556 0.754556 1 2 1
0.763636 0 1 2 0 1 1 0 3 53.3701 0.26619 0.433594 6 2.33333 1
0.763636 0 1 1 2 4 3 0 0 0 0 0 0 0 1
0.763636 0 1 0 0 2 3 0 2 1509.59 0.505331 0.505331 1 2 1
0.763636 0 0 2 0 4 3 0 3 12959.5 0.901378 0.649122 8 2.125 1
0.763636 0 0 3 0 1 1 0 3 768.988 0.50422 0.646783 45 2.04444 1
0.763636 0 0 3 0 1 1 0 0 0 0 0 0 0 1
0.763636 0 0 3 0 3 2 0 3 1024.51 0.926218 0.676394 7 2.28571 1
0.763636 0 0 3 0 4 3 0 0 0 0 0 0 0 2
0.763636 0 0 3 0 17 6 0 3 12124.9 0.879703 0.861627 2 2.5 1
0.763636 0 2 0 0 1 1 0 2 815.187 0.942442 0.834548 6 2 1
0.763636 0 2 2 0 1 1 0 2 2380.88 0.919156 0.919156 1 2 1
0.763636 0 2 2 0 20 5 0 0 0 0 0 0 0 1
0.763636 0 2 1 0 19 5 0 2 1791.46 0.580924 0.636029 4 2 1
0.763636 0 2 2 0 1 1 0 0 0 0 0 0 0 1
0.763636 0 2 2 0 4 3 0 3 14938.7 0.984176 0.759784 2 2.5 1
0.763636 0 2 2 0 1 1 0 3 1706.63 0.884663 0.630998 3 2.33333 1
0.763636 0 2 3 0 20 5 0 4 2.39583 0.781873 0.459693 6 2.5 1
0.763636 0 2 2 0 1 1 0 2 5685.95 0.605306 0.605306 1 2 1
0.763636 0 2 0 0 19 5 0 0 0 0 0 0 0 1
0.763636 0 2 1 0 19 5 0 2 383.276 0.591789 0.60276 5 2 1
0.763636 0 2 0 0 19 5 0 2 1813.39 0.439712 0.439712 1 2 1
0.763636 0 2 0 0 1 1 0 3 0.610417 0.198711 0.33172 4 2.25 1
0.763636 0 2 3 0 19 5 0 3 13085.3 0.885739 0.693814 10 2.1 1
0.763636 0 2 3 0 19 5 0 3 9529.32 0.86915 0.57652 6 2.33333 1
0.763636 0 2 2 0 20 5 0 0 0 0 0 0 0 1
0.763636 0 2 2 0 19 5 0 4 0.219444 0.95216 0.44986 4 2.75 1
0.763636 0 2 1 0 20 5 0 3 0.0368056 0.390604 0.458867 2 2.5 1
0.763636 0 2 1 0 19 5 0 4 0.00763889 0.628747 0.556786 2 3.5 1
0.763636 0 2 1 0 19 5 0 4 0.00277778 0.952988 0.952988 1 4 2
0.763636 0 2 1 0 19 5 0 0 0 0 0 0 0 2
0.763636 0 2 3 0 1 1 0 3 9528.48 0.983662 0.566088 5 2.4 1
0.763636 0 1 1 0 1 1 0 0 0 0 0 0 0 1
0.763636 0 1 1 0 1 1 0 3 1799.12 0.614166 0.719191 11 2.09091 1
0.763636 0 1 0 0 4 3 0 2 2979.05 0.821734 0.821734 1 2 2
0.763636 0 1 1 0 1 1 0 3 13076.9 0.88879 0.788221 10 2.1 1
0.763636 0 1 1 0 4 3 0 4 408.04 0.909645 0.669299 26 2.19231 1
0.763636 0 0 2 0 1 1 0 0 0 0 0 0 0 1
0.763636 0 0 3 0 4 3 0 5 1171.08 0.665142 0.719042 99 2.12121 1
0.763636 0 0 1 0 1 1 0 3 9468.35 0.718198 0.852194 4 2.25 1
0.763636 0 0 0 0 1 1 0 3 3471.61 0.582774 0.662214 219 2.07306 1
0.763636 0 0 3 0 1 1 0 2 1683.69 0.935806 0.625549 2 2 1
0.763636 0 0 3 0 19 5 0 2 308.274 0.987306 0.726014 2 2 1
0.763636 0 0 1 0 1 1 0 3 1659.06 0.755182 0.634362 48 2.0625 1
0.763636 0 0 3 0 1 1 0 4 3819.7 0.160533 0.623968 27 2.25926 1
0.763636 0 0 2 0 4 3 0 0 0 0 0 0 0 1
0.763636 0 0 0 0 1 1 0 3 9364.26 0.889295 0.693137 8 2.25 1
0.763636 3 2 3 0 4 3 0 4 10135.7 0.774023 0.535453 10 2.2 1
0.763636 3 2 0 0 4 3 0 0 0 0 0 0 0 2
0.763636 3 2 0 0 4 3 0 2 0.415972 0.291709 0.360924 3 2 1
0.763636 3 2 0 0 2 3 0 3 10125.9 0.348328 0.541328 14 2.07143 1
0.763636 3 2 3 0 4 3 0 2 1.11736 0.504437 0.554296 3 2 1
0.763636 3 2 3 0 2 3 0 4 559.737 0.576664 0.633886 162 2.04938 1
0.763636 3 2 2 0 11 5 0 2 2.67847 0.775087 0.775087 1 2 1
0.763636 3 2 3 0 1 1 0 4 368.372 0.716196 0.629535 9 2.33333 1
0.763636 3 2 2 0 19 5 0 2 1463.9 0.485305 0.282271 3 2 1
0.763636 3 2 1 0 4 3 0 4 14600.7 0.543195 0.689902 4 2.5 1
0.763636 3 2 3 1 2 3 0 2 349.729 0.843774 0.843774 1 2 1
0.763636 3 2 3 0 1 1 0 2 2431.2 0.616741 0.616741 1 2 1
0.763636 3 2 2 0 1 1 0 3 42.6549 0.930678 0.71693 23 2.13043 1
0.763636 3 2 0 0 4 3 0 3 1194.01 0.151786 0.5307 67 2.04478 1
0.763636 3 2 2 0 1 1 0 4 215.277 0.675287 0.56813 42 2.07143 1
0.763636 3 2 0 0 1 1 0 2 0.218056 0.585454 0.543014 11 2 1
0.763636 3 1 3 0 1 1 0 2 821.848 0.632622 0.668716 13 2 1
0.763636 3 1 0 0 1 1 0 3 1651.37 0.704391 0.716176 158 2.06962 1
0.763636 3 1 3 0 1 1 0 0 0 0 0 0 0 1
0.763636 3 1 2 0 2 3 0 2 13191.7 0.288497 0.288497 1 2 1
0.763636 3 1 0 0 1 1 0 4 1016.34 0.287827 0.547758 328 2.10061 1
0.763636 3 1 3 0 3 2 0 3 1078.16 0.934388 0.714394 47 2.02128 1
0.763636 3 1 2 0 1 1 0 3 316.997 0.460894 0.649674 31 2.06452 1
0.763636 3 1 3 1 13 3 0 2 577.479 0.610217 0.725946 2 2 1
0.763636 3 1 0 0 4 3 2 2 5706.22 0.317366 0.530072 2 2 1
0.763636 3 1 3 0 1 1 2 0 0 0 0 0 0 2
0.763636 3 1 2 0 4 3 0 5 1709.34 0.753389 0.745921 225 2.06222 1
0.763636 3 1 2 0 14 6 0 3 10266.5 0.504829 0.802904 4 2.5 1
0.763636 3 1 1 0 6 4 0 2 1693.91 0.544844 0.748197 2 2 1
0.763636 3 1 3 0 17 6 0 0 0 0 0 0 0 1
0.763636 3 1 3 0 4 3 0 0 0 0 0 0 0 1
0.763636 3 0 3 0 1 1 0 2 1828.28 0.137823 0.28392 2 2 1
0.763636 3 0 0 0 1 1 0 3 13071.7 0.833098 0.657204 8 2.125 1
0.763636 3 0 0 0 1 1 0 2 281.89 0.53931 0.53931 1 2 1
0.763636 3 0 0 0 1 1 0 2 1047.04 0.667902 0.782391 5 2 1
0.763636 3 0 3 0 4 3 0 4 6677.06 0.539754 0.571858 4 2.5 1
0.763636 3 0 3 0 4 3 0 3 10270.5 0.834611 0.734541 10 2.1 1
0.763636 3 0 1 0 19 5 0 0 0 0 0 0 0 1
0.763636 3 0 3 0 19 5 0 2 6991.97 0.25882 0.280022 2 2 1
0.763636 3 2 0 0 1 1 0 3 8914.83 0.347175 0.591581 27 2.07407 1
0.763636 3 2 3 0 1 1 0 2 547.885 0.5342 0.382958 2 2 1
0.763636 3 2 3 0 1 1 0 4 193.534 0.72795 0.571579 45 2.06667 1
0.763636 3 2 3 0 1 1 0 3 2060.77 0.924465 0.84457 5 2.2 1
0.763636 3 2 3 0 13 3 0 2 2212.69 0.725601 0.725601 1 2 1
0.763636 3 2 0 0 18 3 0 0 0 0 0 0 0 1
0.763636 3 2 3 0 1 1 0 3 601.169 0.603653 0.691466 4 2.25 1
0.763636 3 2 2 0 1 1 0 2 1258.18 0.273425 0.668418 11 2 1
0.763636 3 2 1 0 1 1 0 3 1053.73 0.426185 0.623316 57 2.05263 1
0.763636 3 2 3 0 4 3 0 3 11810.6 0.5089 0.476609 4 2.25 1
0.763636 3 1 3 0 1 1 0 2 411.674 0.77157 0.55717 19 2 1
0.763636 3 1 3 0 1 1 0 0 0 0 0 0 0 1
0.763636 3 1 3 0 1 1 0 2 1441.93 0.917224 0.728442 3 2 1
0.763636 3 1 0 0 1 1 0 3 8899.81 0.271285 0.506159 31 2.06452 1
0.763636 3 1 0 0 1 1 0 2 2090.49 0.803846 0.77998 2 2 1
0.763636 3 1 3 0 19 5 0 3 297.18 0.676548 0.573296 25 2.12 2
0.763636 3 0 2 0 1 1 0 4 174.226 0.397509 0.656023 26 2.11538 1
0.763636 3 0 1 0 1 1 0 6 4729.54 0.752423 0.63275 50 2.2 1
0.763636 3 0 1 0 2 3 0 2 1366.48 0.801986 0.773256 4 2 1
0.763636 3 0 3 0 1 1 0 2 10495.6 0.914768 0.914768 1 2 1
0.763636 3 2 2 0 1 1 1 4 1206.14 0.864716 0.70692 84 2.09524 1
0.763636 3 2 0 0 3 2 0 3 1417.09 0.738231 0.67189 11 2.18182 1
0.763636 3 2 3 0 19 5 0 2 177.299 0.50736 0.617567 7 2 1
0.763636 3 2 2 0 2 3 0 3 6196.88 0.261436 0.5448 21 2.14286 1
0.763636 3 2 1 0 1 1 0 3 1409.47 0.771591 0.650033 6 2.16667 1
0.763636 3 2 3 0 1 1 0 2 2140.26 0.871092 0.871092 1 2 1
0.763636 3 1 2 0 4 3 0 2 1215.82 0.301596 0.52884 2 2 1
0.763636 3 1 0 0 1 1 0 0 0 0 0 0 0 1
0.763636 3 1 0 0 1 1 0 2 10.4826 0.546111 0.357708 3 2 1
0.763636 3 1 3 0 2 3 0 0 0 0 0 0 0 1
0.763636 3 1 0 0 11 5 0 3 1088.1 0.298017 0.59296 6 2.33333 1
0.763636 3 1 0 0 1 1 0 3 1088.06 0.302306 0.609436 8 2.25 1
0.763636 3 1 0 0 1 1 0 0 0 0 0 0 0 1
0.763636 3 1 1 0 14 6 0 3 1402.95 0.0233646 0.519886 37 2.05405 1
0.763636 3 1 0 0 1 1 0 2 1312.7 0.866291 0.857697 3 2 1
0.763636 3 0 0 1 4 3 0 2 3536.44 0.930279 0.930279 1 2 1
0.763636 3 0 2 0 6 4 0 3 6836.02 0.824929 0.778859 5 2.6 1
0.763636 3 0 0 0 1 1 0 3 10046.1 0.400639 0.538784 12 2.08333 1
0.763636 3 0 2 0 6 4 0 2 1244.32 0.572502 0.713837 3 2 1
0.763636 3 0 0 0 1 1 2 2 255.103 0.984168 0.696096 8 2 1
0.763636 3 0 3 0 11 5 2 0 0 0 0 0 0 1
0.763636 3 0 1 1 4 3 0 0 0 0 0 0 0 2
0.763636 3 0 3 0 12 5 0 2 1619.96 0.509822 0.456616 3 2 1
0.763636 3 0 0 0 7 3 0 2 223.022 0.842428 0.755293 7 2 1
0.763636 3 0 0 0 17 6 0 2 215.43 0.707912 0.587438 3 2 1
0.763636 3 0 2 0 1 1 0 5 1073.75 0.607374 0.580724 79 2.16456 1
0.763636 3 0 2 0 10 3 0 3 14560.6 0.946704 0.962914 2 2.5 1
0.763636 3 0 0 0 2 3 0 2 274.381 0.0832748 0.313637 4 2 1
0.763636 2 2 2 0 4 3 0 0 0 0 0 0 0 1
0.763636 2 2 3 0 7 3 0 2 542.642 0.239334 0.239334 1 2 2
0.781818 2 1 3 0 2 3 0 3 725.767 0.179463 0.639151 54 2.14815 1
0.781818 2 1 3 0 1 1 2 3 1188.21 0.858225 0.650427 114 2.08772 1
0.781818 2 1 0 0 1 1 0 3 1932.94 0.604606 0.529935 16 2.25 1
0.781818 2 1 3 0 3 2 0 0 0 0 0 0 0 1
0.781818 2 1 3 0 2 3 0 2 8649.64 0.435889 0.435889 1 2 1
0.781818 2 1 3 0 1 1 0 2 293.768 0.760565 0.794376 3 2 1
0.781818 2 1 2 0 2 3 1 3 2529.43 0.73912 0.723906 11 2.09091 1
0.781818 2 0 3 0 1 1 0 2 612.676 0.525378 0.533085 4 2 1
0.781818 2 0 0 0 1 1 0 3 657.982 0.682235 0.602617 5 2.4 1
0.781818 2 0 1 0 3 2 0 2 6280.92 0.80439 0.836613 6 2 1
0.781818 2 2 1 0 4 3 0 3 1173.81 0.818818 0.60438 132 2.10606 1
0.781818 2 2 0 1 4 3 0 4 1475.81 0.73639 0.697011 91 2.08791 1
0.781818 2 2 2 0 1 1 1 4 4965.32 0.727212 0.727346 280 2.12143 1
0.781818 2 2 0 0 11 5 0 2 6.45139 0.535993 0.535993 1 2 2
0.781818 2 1 0 0 1 1 0 2 1930.31 0.683331 0.855092 3 2 1
0.781818 2 1 1 0 4 3 0 3 10305.6 0.133491 0.133491 1 3 1
0.781818 2 1 1 0 4 3 0 0 0 0 0 0 0 1
0.781818 2 1 0 0 2 3 0 2 362.917 0.517092 0.553999 5 2 1
0.781818 2 1 3 0 2 3 0 3 0.185417 0.909024 0.730567 6 2.33333 1
0.781818 2 1 3 0 2 3 0 0 0 0 0 0 0 1
0.781818 2 1 3 0 2 3 0 3 0.0576389 0.907967 0.64034 6 2.16667 1
0.781818 2 1 3 0 2 3 0 3 0.0472222 0.624903 0.623764 4 2.25 1
0.781818 2 1 3 0 2 3 0 3 7436.9 0.484033 0.708254 9 2.11111 1
0.781818 2 1 3 0 2 3 0 2 1030.69 0.514122 0.607845 3 2 2
0.781818 2 1 3 0 2 3 0 0 0 0 0 0 0 1
0.781818 2 1 2 1 13 3 0 2 7.48056 0.125547 0.582649 15 2 1
0.781818 2 1 1 0 2 3 0 2 7505.43 0.253686 0.253686 1 2 1
0.781818 2 1 0 0 2 3 0 4 4952.81 0.649044 0.695785 270 2.11111 2
0.781818 2 1 0 0 2 3 0 4 1461.51 0.193607 0.614195 157 2.06369 2
0.781818 2 1 3 0 2 3 0 0 0 0 0 0 0 1
0.781818 2 1 3 0 2 3 0 3 416.903 0.693333 0.520966 7 2.28571 1
0.781818 2 1 3 0 2 3 0 3 13435.4 0.930577 0.634316 4 2.25 1
0.781818 2 1 3 0 2 3 0 0 0 0 0 0 0 1
0.781818 2 1 3 0 2 3 0 2 0.115278 0.875033 0.52906 2 2 1
0.781818 2 1 2 0 2 3 0 0 0 0 0 0 0 1
0.781818 2 1 2 0 2 3 0 2 0.0222222 0.173949 0.149955 2 2 1
0.781818 2 1 2 0 4 3 0 0 0 0 0 0 0 1
0.781818 2 1 2 0 2 3 0 3 4178.03 0.790433 0.695918 64 2.01563 1
0.781818 2 1 2 0 2 3 0 2 0.025 0.299808 0.299808 1 2 1
0.781818 2 1 2 0 2 3 0 0 0 0 0 0 0 1
0.781818 2 1 2 0 2 3 0 3 6454.93 0.983271 0.714254 16 2.0625 1
0.781818 2 0 3 0 1 1 0 2 7.79306 0.295532 0.71063 14 2 1
0.781818 2 0 0 0 19 5 0 3 1169.22 0.902425 0.6771 94 2.05319 1
0.781818 2 0 0 0 6 4 1 4 10308.8 0.889295 0.665017 100 2.09 1
0.781818 2 0 3 0 1 1 1 3 2684.64 0.679024 0.792035 2 2.5 1
0.781818 2 0 0 1 7 3 0 3 2146.29 0.382486 0.597218 54 2.05556 2
0.781818 2 0 0 0 1 1 0 2 383.499 0.260616 0.544173 9 2 1
0.781818 2 0 0 0 1 1 0 3 685.153 0.257488 0.602997 57 2.15789 1
0.781818 2 0 3 0 7 3 0 2 8310.04 0.432447 0.432447 1 2 2
0.781818 2 0 3 0 1 1 0 3 8005.5 0.604066 0.608976 7 2.28571 1
0.781818 2 0 3 0 3 2 0 4 4938.46 0.611818 0.676977 257 2.11284 2
0.781818 1 2 0 0 1 1 0 2 571.49 0.897814 0.726483 6 2 1
0.781818 1 2 0 0 3 2 0 2 476.377 0.716458 0.799604 13 2 1
0.781818 1 2 3 0 19 5 0 3 1579.64 0.150685 0.496131 147 2.06122 1
0.781818 1 2 1 0 1 1 0 2 12424.2 0.276546 0.276546 1 2 1
0.781818 1 2 1 1 2 3 0 3 679.349 0.762738 0.648719 107 2.09346 1
0.781818 1 2 0 0 2 3 0 4 10300.1 0.779118 0.637296 140 2.05714 1
0.781818 1 2 3 0 1 1 0 4 4072.81 0.912942 0.73636 214 2.14486 1
0.781818 1 2 2 0 3 2 0 3 0.252083 0.481442 0.570545 11 2.36364 1
0.781818 1 2 2 0 3 2 0 2 5512.68 0.772801 0.779784 2 2 1
0.781818 1 2 1 0 3 2 0 3 11921.8 0.618143 0.577451 8 2.125 2
0.781818 1 2 0 0 19 5 0 2 1467.4 0.998153 0.998153 1 2 1
0.781818 1 1 3 0 1 1 0 3 1389.4 0.552522 0.528858 167 2.05988 1
0.781818 1 1 2 0 1 1 0 2 1981.31 0.569144 0.64988 9 2 1
0.781818 1 1 1 0 3 2 0 4 4503.87 0.349672 0.391797 39 2.15385 1
0.781818 1 1 0 0 1 1 0 0 0 0 0 0 0 1
0.781818 1 1 2 0 1 1 0 2 836.017 0.142188 0.404218 2 2 1
0.781818 1 1 2 0 1 1 0 2 2139.94 0.783692 0.783692 1 2 1
0.781818 1 0 1 0 1 1 0 2 11736.7 0.938358 0.871966 2 2 1
0.781818 1 0 3 0 19 5 0 3 5925.69 0.68506 0.764737 8 2.125 1
0.781818 1 0 2 0 19 5 0 4 4494.01 0.383035 0.626188 43 2.13953 1
0.781818 1 0 3 0 1 1 0 3 5655.24 0.652701 0.602382 30 2.03333 1
0.781818 1 0 3 0 1 1 0 3 5655.17 0.64886 0.618994 29 2.03448 1
0.781818 1 0 1 0 11 5 0 3 1356.23 0.261109 0.486677 72 2.04167 1
0.781818 1 0 0 0 1 1 0 3 11941.1 0.913438 0.61304 10 2.1 1
0.781818 1 0 3 0 1 1 0 2 5358.22 0.403854 0.403854 1 2 1
0.781818 1 0 1 0 1 1 1 3 5649.69 0.655566 0.669646 29 2.03448 1
0.781818 1 0 0 0 6 4 1 3 3555.41 0.421647 0.47806 4 2.25 1
0.781818 1 0 0 0 1 1 1 2 9.14097 0.224259 0.4895 5 2 1
0.781818 1 2 0 0 1 1 0 3 1934.12 0.969335 0.447486 63 2.04762 1
0.781818 1 2 3 0 7 3 0 3 5647.17 0.646211 0.660157 27 2.03704 1
0.781818 1 2 3 0 22 5 0 2 1278.12 0.516861 0.633718 2 2 1
0.781818 1 2 2 0 1 1 0 2 2473.75 0.196247 0.465849 3 2 1
0.781818 1 2 2 0 1 1 0 0 0 0 0 0 0 1
0.781818 1 2 1 0 1 1 0 0 0 0 0 0 0 1
0.781818 1 2 3 0 1 1 0 2 162.004 0.80173 0.80173 1 2 1
0.781818 1 2 2 0 1 1 0 3 9273.11 0.599443 0.587688 46 2.02174 1
0.781818 1 2 0 1 10 3 0 3 1543.72 0.100993 0.50088 156 2.07692 1
0.781818 1 2 0 0 7 3 0 4 4900.76 0.855199 0.714105 280 2.11071 1
0.781818 1 2 0 0 13 3 0 2 854.507 0.983296 0.540633 11 2 1
0.781818 1 2 3 0 6 4 0 2 212.895 0.230332 0.387617 4 2 1
0.781818 1 2 1 0 19 5 0 3 10271.9 0.982167 0.76973 4 2.25 1
0.781818 1 2 0 0 2 3 0 4 4970.14 0.0645394 0.460769 252 2.13492 1
0.781818 1 1 3 0 1 1 0 2 3547 0.55073 0.497678 2 2 1
0.781818 1 1 2 1 2 3 0 3 2657.87 0.258332 0.457375 64 2.03125 1
0.781818 1 1 1 1 20 5 0 4 4467.92 0.126213 0.636743 39 2.15385 1
0.781818 1 1 0 0 7 3 0 3 9525.51 0.426963 0.539087 3 2.33333 1
0.781818 1 1 0 1 14 6 0 3 696.008 0.187148 0.455514 20 2.05 1
0.781818 1 0 1 0 2 3 0 4 4463.89 0.387567 0.399948 37 2.16216 1
0.781818 1 0 0 0 1 1 0 3 350.288 0.241752 0.723433 8 2.375 1
0.781818 1 0 2 0 2 3 0 3 6812.28 0.97166 0.675627 9 2.11111 2
0.781818 1 0 3 1 20 5 0 3 11180.2 0.753666 0.469764 4 2.25 1
0.781818 1 0 2 0 15 7 0 0 0 0 0 0 0 2
0.781818 1 0 0 0 7 3 0 0 0 0 0 0 0 1
0.781818 1 0 1 0 1 1 0 4 1387.83 0.559564 0.539476 86 2.0814 1
0.781818 1 0 2 0 6 4 0 2 1372.86 0.918256 0.661855 7 2 2
0.781818 1 2 2 0 7 3 0 2 149.768 0.437115 0.645641 4 2 1
0.781818 1 2 1 0 1 1 0 2 5597.89 0.905081 0.864106 2 2 1
0.781818 1 2 3 0 1 1 0 2 3158.26 0.725482 0.802559 2 2 1
0.781818 1 2 3 0 7 3 0 0 0 0 0 0 0 1
0.781818 1 2 2 0 5 3 0 2 2486.66 0.378734 0.378734 1 2 1
0.781818 1 2 1 0 1 1 0 3 2639.71 0.648834 0.681117 43 2.04651 1
0.781818 1 2 2 0 4 3 0 4 11967.6 0.678298 0.604196 16 2.3125 1
0.781818 1 2 3 0 1 1 0 2 1529.58 0.462833 0.252551 2 2 1
0.781818 1 2 3 0 1 1 0 3 445.451 0.14899 0.589949 28 2.07143 1
0.781818 1 1 2 0 15 7 0 3 1893.56 0.749577 0.669855 32 2.0625 1
0.781818 1 1 1 0 14 6 0 0 0 0 0 0 0 1
0.781818 1 1 3 0 6 4 0 4 500.499 0.868618 0.652686 30 2.16667 1
0.781818 1 1 3 0 4 3 0 3 13066 0.695087 0.623896 17 2.05882 1
0.781818 1 1 0 0 3 2 0 4 4435.74 0.851035 0.472985 33 2.15152 2
0.781818 1 0 3 0 1 1 0 2 495.176 0.767105 0.595711 8 2 1
0.781818 1 0 3 0 1 1 0 0 0 0 0 0 0 1
0.781818 1 0 3 0 1 1 0 3 424.337 0.596623 0.666506 37 2.16216 1
0.781818 1 0 2 0 2 3 0 3 10812.5 0.437679 0.615005 12 2.08333 1
0.781818 0 2 0 0 1 1 0 3 11010.9 0.589022 0.664218 8 2.125 1
0.781818 0 2 1 0 1 1 0 2 21.0271 0.357723 0.723331 11 2 1
0.781818 0 2 3 0 7 3 0 3 1305.51 0.622659 0.699616 221 2.05882 1
0.781818 0 2 3 0 5 3 0 0 0 0 0 0 0 1
0.781818 0 2 0 0 1 1 0 0 0 0 0 0 0 1
0.781818 0 2 0 0 4 3 0 3 9474.33 0.258955 0.621919 2 2.5 1
0.781818 0 2 0 0 4 3 0 4 4415.8 0.626135 0.435675 32 2.125 2
0.781818 0 2 3 0 10 3 0 4 2640.14 0.33816 0.658394 42 2.04762 1
0.781818 0 1 0 0 1 1 0 3 1478.84 0.225476 0.52 156 2.08333 1
0.781818 0 1 3 0 1 1 0 4 4836.57 0.239553 0.449216 240 2.12917 1
0.781818 0 1 3 0 8 2 0 3 128.06 0.201081 0.502333 23 2.17391 1
0.781818 0 1 1 0 1 1 0 2 9617.22 0.834863 0.834863 1 2 1
0.781818 0 1 2 0 1 1 0 2 1777.41 0.245966 0.623092 5 2 1
0.781818 0 1 2 0 1 1 0 3 8091.89 0.195817 0.40534 2 2.5 1
0.781818 0 0 1 0 19 5 0 3 7910.77 0.946619 0.797655 7 2.42857 1
0.781818 0 0 1 0 8 2 0 0 0 0 0 0 0 1
0.781818 0 0 2 1 2 3 0 2 12779.2 0.359912 0.359912 1 2 1
0.781818 0 0 1 0 11 5 0 0 0 0 0 0 0 1
0.781818 0 0 1 0 3 2 0 3 1699.94 0.942408 0.830368 7 2.14286 1
0.781818 0 0 1 0 12 5 0 3 454.339 0.89621 0.788391 16 2.125 1
0.781818 0 0 3 0 1 1 0 3 1459.65 0.16269 0.502658 151 2.07947 1
0.781818 0 2 0 0 1 1 0 3 10780.1 0.250297 0.636422 13 2.07692 1
0.781818 0 2 3 0 4 3 0 2 1589.84 0.725467 0.778302 2 2 2
0.781818 0 2 2 0 20 5 0 2 8622.19 0.855519 0.855519 1 2 1
0.781818 0 2 2 0 20 5 0 4 2832.51 0.687339 0.734434 68 2.05882 1
0.781818 0 2 2 0 19 5 0 2 13.4132 0.563897 0.595954 4 2 1
0.781818 0 2 2 0 1 1 0 3 5480.46 0.964908 0.930919 2 2.5 1
0.781818 0 1 0 0 1 1 0 3 8228.54 0.256064 0.60049 9 2.11111 1
0.781818 0 1 3 0 3 2 0 5 1211.96 0.572899 0.700369 92 2.1413 2
0.781818 0 1 1 0 1 1 0 2 7255.01 0.627926 0.665153 2 2 1
0.781818 0 1 1 0 6 4 0 3 1906.58 0.483277 0.759026 6 2.16667 1
0.781818 0 1 0 0 1 1 0 3 1248.09 0.849951 0.628046 79 2.03797 1
0.781818 0 1 3 0 1 1 0 2 437.184 0.742978 0.821607 9 2 1
0.781818 0 1 3 0 6 4 0 3 3068.06 0.641065 0.599831 52 2.01923 1
0.781818 0 0 3 0 1 1 0 2 268.788 0.599356 0.841707 4 2 1
0.781818 0 0 0 0 6 4 0 2 1810.45 0.873161 0.69873 5 2 1
0.781818 0 0 0 0 1 1 0 3 2529.23 0.232734 0.575162 53 2.0566 1
0.781818 0 0 3 0 13 3 0 4 5842.58 0.895294 0.566904 90 2.06667 1
0.781818 0 2 3 0 18 3 0 3 36.5792 0.897399 0.626149 12 2.16667 1
0.781818 0 2 2 0 10 3 0 0 0 0 0 0 0 1
0.781818 0 2 0 0 1 1 0 3 432.185 0.26916 0.624451 28 2.14286 1
0.781818 0 1 2 0 2 3 0 3 8993.64 0.520855 0.567736 42 2.09524 1
0.781818 0 0 0 1 18 3 0 3 79.1882 0.190118 0.60353 7 2.14286 1
0.781818 0 0 3 3 4 3 0 2 2508.72 0.550989 0.550989 1 2 1
0.781818 3 2 3 0 19 5 0 0 0 0 0 0 0 1
0.781818 3 2 1 0 7 3 0 2 428.281 0.824569 0.76225 3 2 2
0.781818 3 2 3 0 2 3 0 3 3371 0.98216 0.860371 2 2.5 1
0.781818 3 2 2 0 1 1 0 0 0 0 0 0 0 1
0.781818 3 2 0 0 18 3 0 4 4688.84 0.377427 0.38253 42 2.14286 1
0.781818 3 2 2 1 1 1 0 4 5110.18 0.283556 0.528808 251 2.13546 1
0.781818 3 2 2 0 3 2 0 2 6224.46 0.884282 0.884282 1 2 2
0.781818 3 2 1 2 10 3 0 3 11623.9 0.374929 0.513745 10 2.1 2
0.781818 3 2 0 0 2 3 0 3 9294.77 0.760139 0.673508 34 2.02941 1
0.781818 3 1 0 0 3 2 0 2 1890.66 0.751077 0.611113 2 2 2
0.781818 3 1 3 0 20 5 0 2 382.336 0.284779 0.610058 11 2 2
0.781818 3 1 3 1 3 2 0 2 3065.03 0.139132 0.513502 2 2 1
0.781818 3 1 0 0 19 5 0 2 8114.53 0.396756 0.396756 1 2 1
0.781818 3 1 2 0 2 3 0 2 971.951 0.549299 0.491287 3 2 1
0.781818 3 1 1 2 4 3 0 4 5171.2 0.697103 0.746751 217 2.09217 1
0.781818 3 1 0 0 1 1 0 2 5.02153 0.392507 0.661649 2 2 1
0.781818 3 0 0 1 2 3 1 2 719.088 0.858606 0.634897 2 2 1
0.781818 3 0 3 0 10 3 1 5 2064.74 0.111469 0.615372 298 2.0604 1
0.781818 3 0 0 0 1 1 0 2 1902.75 0.975525 0.975525 1 2 1
0.781818 3 0 3 0 3 2 0 3 4194.98 0.791678 0.603045 53 2.0566 1
0.781818 3 0 2 0 3 2 0 3 834.68 0.99686 0.688759 168 2.08333 1
0.781818 3 0 3 0 1 1 0 2 1346.25 0.445551 0.722637 4 2 1
0.781818 3 2 3 0 4 3 0 3 855.151 0.177253 0.666454 7 2.14286 1
0.781818 3 2 1 0 1 1 0 4 5086.12 0.809331 0.742267 343 2.11953 1
0.781818 3 2 1 0 19 5 0 4 4141.11 0.416972 0.70444 49 2.16327 1
0.781818 3 2 0 0 1 1 0 3 11063.6 0.873233 0.703444 13 2.15385 1
0.781818 3 2 2 2 5 3 0 4 10459.3 0.749764 0.527806 10 2.2 1
0.781818 3 2 1 0 1 1 0 3 1420.72 0.825394 0.623451 32 2.15625 2
0.781818 3 1 0 0 1 1 0 2 2582.83 0.408507 0.576687 3 2 1
0.781818 3 1 2 0 18 3 0 3 1798.26 0.99528 0.592308 16 2.0625 1
0.781818 3 1 3 0 2 3 0 2 1121.44 0.485724 0.439358 3 2 1
0.781818 3 1 3 0 1 1 0 3 109.655 0.355808 0.268706 2 2.5 1
0.781818 3 0 0 0 2 3 0 2 1052.68 0.358878 0.584314 3 2 1
0.781818 3 2 0 0 1 1 0 4 4633.59 0.781233 0.468048 40 2.15 1
0.781818 3 2 1 0 1 1 0 3 314.54 0.862008 0.656198 2 2.5 1
0.781818 3 2 3 0 1 1 0 3 2546.03 0.75694 0.780846 63 2.06349 1
0.781818 3 2 3 0 3 2 0 3 583.231 0.282505 0.527765 8 2.125 1
0.781818 3 2 3 0 4 3 0 3 13575.6 0.805439 0.591819 8 2.125 1
0.781818 3 2 0 0 1 1 0 3 2818.6 0.805006 0.785468 42 2.04762 1
0.781818 3 2 3 1 2 3 0 3 5207.09 0.935316 0.713911 41 2.04878 1
0.781818 3 2 2 0 6 4 0 3 121.171 0.624101 0.683127 11 2.09091 1
0.781818 3 2 3 0 1 1 0 3 2.91875 0.440422 0.538924 4 2.25 1
0.781818 3 2 2 0 2 3 0 4 10429.3 0.772432 0.693626 11 2.18182 1
0.781818 3 2 1 0 6 4 0 3 8911.59 0.303388 0.584603 38 2.05263 1
0.781818 3 2 3 0 1 1 0 3 2076 0.775255 0.698966 24 2.04167 1
0.781818 3 2 3 0 1 1 0 2 4.46389 0.276325 0.675229 5 2 2
0.781818 3 1 2 0 15 7 0 2 1977.32 0.349069 0.349069 1 2 1
0.781818 3 1 0 2 1 1 0 2 318.362 0.823267 0.823267 1 2 1
0.781818 3 1 2 0 2 3 0 2 2007.41 0.980931 0.707125 11 2 2
0.781818 3 1 2 0 6 4 0 2 596.392 0.997283 0.717667 7 2 1
0.781818 3 1 2 0 1 1 0 0 0 0 0 0 0 1
0.781818 3 1 2 0 1 1 0 4 1314.78 0.735713 0.722617 310 2.09355 1
0.781818 3 1 2 0 3 2 0 2 16.6576 0.313913 0.646994 5 2 1
0.781818 3 1 1 0 1 1 0 2 2374.76 0.970806 0.831207 3 2 1
0.781818 3 1 3 0 1 1 0 4 5111.65 0.577227 0.579967 201 2.15423 1
0.781818 3 1 1 0 19 5 0 3 2299.97 0.715457 0.685219 85 2.07059 1
0.781818 3 0 3 0 1 1 0 4 1545.26 0.60098 0.585348 150 2.09333 1
0.781818 3 0 0 0 1 1 0 3 11030.4 0.886318 0.801329 36 2.05556 1
0.781818 3 0 0 0 2 3 0 0 0 0 0 0 0 2
0.781818 3 0 3 0 6 4 0 4 4612.46 0.620117 0.695363 46 2.06522 1
0.781818 3 0 0 0 1 1 0 5 3818.11 0.597055 0.630934 127 2.07874 1
0.781818 3 0 3 0 2 3 0 3 15635.1 0.887779 0.702946 26 2.03846 1
0.781818 3 0 3 0 2 3 0 0 0 0 0 0 0 1
0.781818 2 2 0 0 2 3 0 2 667.537 0.438428 0.602238 12 2 1
0.781818 2 2 3 0 1 1 0 3 9045.47 0.901666 0.651312 7 2.14286 1
0.781818 2 2 0 0 1 1 0 3 2121.02 0.220229 0.384364 8 2.25 1
0.781818 2 2 0 0 1 1 0 2 1445.85 0.998544 0.899632 3 2 1
0.781818 2 2 3 0 1 1 0 4 10403.6 0.802606 0.449608 6 2.33333 1
0.781818 2 1 1 0 19 5 0 3 9035.11 0.481945 0.575432 9 2.11111 1
0.781818 2 1 3 0 3 2 0 2 442.322 0.926997 0.926997 1 2 1
0.781818 2 1 3 0 1 1 0 3 9032.65 0.364265 0.643807 9 2.11111 1
0.781818 2 1 2 0 1 1 0 2 344.235 0.867374 0.793877 3 2 1
0.781818 2 1 3 0 4 3 0 3 688.093 0.476459 0.753981 4 2.25 1
0.781818 2 1 3 0 3 2 0 3 1218.18 0.389097 0.518383 160 2.1125 1
0.781818 2 1 2 0 19 5 0 4 3030.4 0.232705 0.643817 140 2.07143 1
0.781818 2 1 2 0 2 3 0 2 2113.76 0.942771 0.942771 1 2 1
0.781818 2 0 0 0 3 2 0 2 277.535 0.690907 0.785895 4 2 2
0.781818 2 0 0 0 8 2 0 0 0 0 0 0 0 2
0.781818 2 0 0 0 3 2 0 4 5077.09 0.744294 0.670638 196 2.16327 1
0.781818 2 0 1 0 3 2 0 3 9023.12 0.699035 0.742819 5 2.2 1
0.781818 2 0 2 0 1 1 0 0 0 0 0 0 0 1
0.781818 2 0 0 0 1 1 0 4 8952.71 0.42875 0.701198 8 2.5 1
0.781818 2 0 1 0 4 3 0 2 155.935 0.121887 0.605677 10 2 1
0.781818 2 0 2 0 1 1 0 3 1641.42 0.910125 0.66379 137 2.07299 1
0.781818 2 0 0 0 2 3 0 0 0 0 0 0 0 1
0.781818 2 2 0 0 6 4 0 2 933.552 0.995748 0.710697 8 2 1
0.781818 2 2 3 0 6 4 0 3 65.4007 0.254289 0.550436 11 2.18182 1
0.781818 2 2 2 0 1 1 0 4 1504.11 0.836359 0.658676 94 2.11702 2
0.781818 2 2 2 0 5 3 0 0 0 0 0 0 0 1
0.781818 2 2 0 0 3 2 0 4 1502.51 0.84609 0.660735 91 2.0989 2
0.781818 2 2 3 0 9 2 0 4 1502.47 0.851787 0.676637 91 2.0989 1
0.781818 2 2 3 0 9 2 0 4 1502.46 0.846864 0.678947 90 2.08889 2
0.781818 2 2 3 0 9 2 0 4 1502.4 0.840116 0.688004 90 2.1 1
0.781818 2 2 0 0 1 1 0 3 10604.9 0.941833 0.744652 15 2.06667 1
0.781818 2 2 2 0 6 4 0 3 4642.75 0.825987 0.650886 52 2.01923 1
0.781818 2 2 3 0 7 3 0 0 0 0 0 0 0 1
0.781818 2 2 0 0 1 1 0 3 1940.08 0.741299 0.509325 17 2.23529 1
0.781818 2 2 3 0 3 2 0 3 57.4792 0.645193 0.727688 6 2.16667 1
0.781818 2 1 3 1 4 3 0 3 10946.8 0.492034 0.459355 12 2.33333 1
0.781818 2 1 3 0 1 1 0 5 3772.73 0.894649 0.580582 63 2.12698 1
0.781818 2 1 0 0 1 1 0 4 5056.17 0.601873 0.606072 206 2.15534 2
0.781818 2 1 3 0 10 3 0 2 0.875 0.797757 0.588401 4 2 1
0.781818 2 1 3 0 13 3 0 3 9868.33 0.953259 0.840244 4 2.25 1
0.781818 2 1 0 0 10 3 0 2 1289.72 0.87599 0.69654 5 2 1
0.8 3 1 3 0 3 2 0 2 467.677 0.67913 0.5911 30 2 1
0.8 3 1 1 0 3 2 0 3 208.207 0.515988 0.580424 18 2.22222 1
0.8 3 1 0 0 3 2 0 3 282.938 0.318642 0.5771 27 2.18519 2
0.8 3 1 0 0 1 1 0 3 282.935 0.22006 0.597967 28 2.21429 1
0.8 3 1 2 0 13 3 0 2 1711.95 0.955806 0.5555 8 2 2
0.8 3 1 2 0 1 1 0 3 9074.83 0.505219 0.582622 6 2.33333 1
0.8 3 1 0 0 18 3 0 3 14093.2 0.60875 0.69992 14 2.07143 1
0.8 3 1 3 0 4 3 0 2 1787.22 0.567561 0.567561 1 2 1
0.8 3 1 3 0 1 1 0 3 12550.6 0.964007 0.910351 2 2.5 1
0.8 3 0 2 0 3 2 0 3 6956.96 0.482613 0.586347 22 2.13636 2
0.8 3 0 3 0 1 1 0 2 2609.29 0.410623 0.446515 2 2 1
0.8 3 0 3 0 1 1 0 3 6459.58 0.8951 0.692755 15 2.06667 1
0.8 3 0 2 0 1 1 0 3 8390.38 0.506507 0.661574 19 2.05263 1
0.8 3 0 1 1 10 3 0 0 0 0 0 0 0 1
0.8 3 2 3 0 3 2 0 4 5518.62 0.481288 0.629279 320 2.13437 1
0.8 3 2 3 0 6 4 0 2 2322.32 0.548006 0.490733 7 2 1
0.8 3 2 2 0 2 3 0 3 2471.51 0.72774 0.647567 63 2.04762 1
0.8 3 2 1 0 7 3 0 4 9394.12 0.882068 0.602462 12 2.41667 1
0.8 3 2 1 0 4 3 0 2 879.009 0.565156 0.332749 2 2 1
0.8 3 2 2 0 1 1 0 3 4720.17 0.885024 0.787027 89 2.08989 1
0.8 3 2 1 0 1 1 0 2 1950.77 0.664543 0.668781 6 2 1
0.8 3 2 1 0 14 6 0 3 2931.69 0.707179 0.76516 71 2.05634 1
0.8 3 2 0 0 1 1 0 3 8787.3 0.897192 0.897192 1 3 1
0.8 3 2 0 0 2 3 0 0 0 0 0 0 0 1
0.8 3 1 1 0 7 3 0 3 13113.4 0.710234 0.818039 3 2.33333 1
0.8 3 1 2 0 20 5 0 4 5435.15 0.8345 0.708382 289 2.11419 1
0.8 3 1 0 0 1 1 0 4 5431.99 0.803916 0.785834 307 2.14984 1
0.8 3 0 0 3 7 3 0 0 0 0 0 0 0 1
0.8 3 0 1 0 19 5 0 2 935.664 0.936327 0.849922 3 2 1
0.8 3 0 0 2 18 3 0 4 5425.72 0.998425 0.709965 276 2.16304 1
0.8 3 0 0 0 2 3 0 2 368.445 0.994259 0.867066 4 2 1
0.8 3 0 3 0 2 3 0 3 1057.94 0.956313 0.669604 8 2.125 1
0.8 3 0 2 2 7 3 0 3 167.335 0.447812 0.631128 18 2.27778 1
0.8 3 2 2 0 12 5 0 0 0 0 0 0 0 2
0.8 3 2 0 0 1 1 0 0 0 0 0 0 0 1
0.8 3 2 3 0 1 1 0 3 6897.11 0.294669 0.294669 1 3 1
0.8 3 2 1 0 3 2 0 3 2928.85 0.734327 0.49608 11 2.09091 1
0.8 3 2 0 0 1 1 0 3 8913.43 0.259598 0.405158 7 2.14286 1
0.8 3 2 3 0 2 3 0 3 10777.7 0.363947 0.456673 13 2.07692 2
0.8 3 1 3 0 1 1 0 6 5433.13 0.854035 0.662438 65 2.09231 1
0.8 3 1 3 0 2 3 0 3 13889.3 0.917676 0.917676 1 3 1
0.8 3 1 3 0 1 1 0 2 2235.54 0.561918 0.603592 6 2 1
0.8 3 1 1 2 4 3 0 3 2430.43 0.812857 0.689463 36 2.02778 1
0.8 3 1 0 0 2 3 0 2 447.283 0.954645 0.661409 2 2 2
0.8 3 1 3 0 7 3 0 4 5471.8 0.679711 0.672542 254 2.14961 2
0.8 3 0 0 1 1 1 0 3 70.9222 0.374627 0.592009 2 2.5 1
0.8 3 0 0 0 1 1 0 3 9252.35 0.582365 0.689542 35 2.05714 1
0.8 3 0 2 0 14 6 0 3 3123.78 0.181701 0.488004 58 2.05172 2
0.8 2 2 0 0 1 1 0 2 2702.93 0.67453 0.67453 1 2 1
0.8 2 2 0 0 2 3 0 3 3652.55 0.880895 0.626984 98 2.06122 1
0.8 2 2 0 1 18 3 0 2 12202.7 0.717602 0.755569 2 2 1
0.8 2 2 3 2 2 3 0 3 3117.05 0.70807 0.772282 44 2.04545 1
0.8 2 2 3 0 18 3 0 2 1851.64 0.973327 0.899718 3 2 1
0.8 2 2 1 0 4 3 0 3 204.119 0.308389 0.640739 22 2.22727 1
0.8 2 2 0 0 4 3 0 4 1186.18 0.361579 0.600894 174 2.07471 1
0.8 2 2 2 0 10 3 0 4 1185.43 0.326621 0.643509 169 2.08284 1
0.8 2 2 2 0 4 3 0 0 0 0 0 0 0 1
0.8 2 1 0 0 1 1 0 3 2918.56 0.689327 0.697547 90 2.02222 2
0.8 2 1 2 0 1 1 0 3 13882.8 0.604485 0.616862 5 2.2 1
0.8 2 1 0 0 1 1 0 3 3106.33 0.657029 0.629209 58 2.05172 1
0.8 2 1 1 0 3 2 0 4 1175.23 0.366544 0.586184 169 2.07101 1
0.8 2 1 3 0 1 1 0 3 439.439 0.854264 0.660342 11 2.09091 1
0.8 2 1 0 1 7 3 0 2 0.138194 0.155638 0.572699 3 2 1
0.8 2 1 3 0 6 4 0 2 458.899 0.799162 0.872813 4 2 1
0.8 2 1 0 0 1 1 0 3 190.719 0.356055 0.677833 23 2.21739 1
0.8 2 1 0 0 1 1 0 2 47.2431 0.704269 0.632178 21 2 1
0.8 2 0 2 0 2 3 0 4 5367.23 0.814909 0.789679 281 2.15658 1
0.8 2 0 2 0 1 1 0 2 72.1937 0.815663 0.606809 8 2 1
0.8 2 0 0 0 1 1 0 2 1994.46 0.279066 0.519205 4 2 1
0.8 2 0 0 0 1 1 0 4 9310.94 0.90659 0.664167 5 2.4 1
0.8 2 0 3 0 14 6 0 0 0 0 0 0 0 1
0.8 2 0 0 0 13 3 0 3 2000.01 0.315533 0.529163 160 2.0875 1
0.8 2 2 3 0 1 1 0 3 12060.8 0.821068 0.608886 5 2.2 1
0.8 2 2 2 0 1 1 0 3 2888.16 0.881941 0.72211 15 2.06667 1
0.8 2 2 3 0 3 2 0 3 2305.52 0.781866 0.54889 20 2.2 1
0.8 2 2 2 0 4 3 0 3 10237.1 0.777161 0.699669 7 2.14286 1
0.8 2 2 1 0 11 5 0 3 3229.87 0.571036 0.58898 59 2.01695 1
0.8 2 1 0 3 7 3 0 2 5659.07 0.813716 0.813716 1 2 2
0.8 2 1 3 0 19 5 0 3 7323.08 0.650768 0.767346 5 2.4 2
0.8 2 1 0 0 6 4 0 4 1616.13 0.150122 0.496343 338 2.09467 1
0.8 2 1 3 0 1 1 0 2 11719.3 0.846473 0.861411 2 2 1
0.8 2 1 2 0 19 5 0 0 0 0 0 0 0 1
0.8 2 1 1 1 3 2 0 4 5414.28 0.345597 0.589197 328 2.1189 1
0.8 2 1 0 0 6 4 0 3 915.801 0.0744053 0.559469 28 2.07143 1
0.8 2 1 3 0 3 2 0 3 295.39 0.932081 0.572261 15 2.06667 1
0.8 2 1 0 0 3 2 0 2 461.603 0.457603 0.582864 4 2 2
0.8 2 1 3 0 1 1 0 3 3966.55 0.653093 0.750145 9 2.11111 1
0.8 2 0 3 0 18 3 0 4 4477.6 0.72409 0.754789 196 2.14286 1
0.8 2 0 0 0 1 1 0 3 3953.23 0.320307 0.426639 111 2.05405 1
0.8 2 0 0 0 1 1 0 3 3605.42 0.756479 0.550391 56 2.01786 1
0.8 2 0 3 0 14 6 0 3 1777.55 0.628121 0.60533 79 2.03797 1
0.8 2 0 2 0 3 2 0 2 1975.25 0.733737 0.786546 3 2 1
0.8 2 2 2 0 3 2 0 0 0 0 0 0 0 1
0.8 2 2 2 0 2 3 0 3 9183.89 0.304514 0.304514 1 3 1
0.8 2 2 0 0 3 2 0 2 223.969 0.53842 0.672484 2 2 2
0.8 2 2 3 0 1 1 0 3 5411.19 0.769388 0.742089 19 2.05263 1
0.8 2 1 2 2 10 3 0 4 5316.36 0.344071 0.570208 269 2.14126 2
0.8 2 1 0 0 3 2 0 0 0 0 0 0 0 2
0.8 2 1 0 0 1 1 0 4 5381.14 0.0675401 0.46479 261 2.1341 1
0.8 2 1 0 0 4 3 0 3 9495.85 0.753373 0.56156 36 2.02778 1
0.8 2 0 2 0 1 1 0 2 2581.24 0.977659 0.977659 1 2 1
0.8 2 0 2 0 6 4 0 3 3574 0.802987 0.55787 53 2.03774 1
0.8 2 0 3 0 2 3 0 3 125.591 0.603248 0.685338 15 2.2 1
0.8 2 0 0 1 10 3 0 3 2329.32 0.82581 0.653859 57 2.05263 1
0.8 2 0 0 0 1 1 0 0 0 0 0 0 0 1
0.8 2 0 0 0 4 3 0 3 1505.62 0.731287 0.502832 131 2.1145 1
0.8 2 0 0 1 8 2 0 0 0 0 0 0 0 1
0.8 2 0 0 0 1 1 0 2 375.436 0.719205 0.719274 2 2 1
0.8 1 2 0 0 1 1 0 3 2279.88 0.0619032 0.50611 20 2.1 1
0.8 1 2 3 0 3 2 0 3 50.5021 0.748015 0.495459 26 2.07692 1
0.8 1 2 3 0 1 1 0 4 9248.64 0.711088 0.725495 12 2.41667 1
0.8 1 2 2 0 10 3 0 3 2844.27 0.767582 0.685522 80 2.0125 1
0.8 1 2 3 0 1 1 0 2 5.44653 0.30022 0.640687 10 2 1
0.8 1 2 2 0 1 1 0 2 1790.28 0.435389 0.642398 5 2 1
0.8 1 2 3 0 6 4 0 5 1700.14 0.975134 0.629665 71 2.1831 1
0.8 1 2 2 0 5 3 0 2 242.207 0.755518 0.691856 15 2 1
0.8 1 2 0 0 6 4 0 0 0 0 0 0 0 1
0.8 1 2 1 0 3 2 0 0 0 0 0 0 0 1
0.8 1 2 1 0 6 4 0 4 5364.3 0.419009 0.61146 334 2.11377 1
0.8 1 2 0 0 1 1 0 5 1.09236 0.553879 0.62394 10 2.5 2
0.8 1 2 2 0 6 4 0 3 3560.92 0.744951 0.570079 54 2.01852 1
0.8 1 2 1 0 2 3 0 2 0.0284722 0.350214 0.53927 7 2 1
0.8 1 2 1 0 1 1 0 2 1357.8 0.202902 0.277592 5 2 1
0.8 1 2 1 0 6 4 0 3 2811.91 0.286589 0.566975 10 2.2 1
0.8 1 2 1 0 6 4 0 3 11217.9 0.959177 0.697217 8 2.5 1
0.8 1 2 1 0 6 4 0 5 4077.31 0.865864 0.597291 66 2.13636 1
0.8 1 2 0 0 6 4 0 2 0.0236111 0.558357 0.544424 9 2 1
0.8 1 2 0 0 6 4 0 4 3911.35 0.601058 0.601291 8 2.25 1
0.8 1 2 0 0 1 1 0 3 3560.57 0.657319 0.58902 54 2.01852 1
0.8 1 2 0 0 6 4 0 4 3911.32 0.734995 0.46352 5 2.4 2
0.8 1 2 3 0 2 3 0 3 4391.01 0.842169 0.575682 50 2.06 1
0.8 1 1 3 0 6 4 0 0 0 0 0 0 0 1
0.8 1 1 1 0 15 7 0 3 2314.46 0.738783 0.663416 61 2.04918 1
0.8 1 1 3 0 11 5 0 5 1691.11 0.70213 0.608171 66 2.21212 1
0.8 1 1 3 0 1 1 0 3 108.549 0.856157 0.572674 35 2.2 1
0.8 1 1 1 0 2 3 0 3 2545.97 0.539306 0.653755 29 2.13793 2
0.8 1 1 0 0 13 3 0 3 1745.79 0.12813 0.69683 217 2.0553 2
0.8 1 1 3 0 5 3 0 2 924.205 0.316471 0.316471 1 2 1
0.8 1 1 2 0 7 3 0 3 1004.75 0.82433 0.537104 14 2.21429 1
0.8 1 1 0 0 10 3 0 3 5436.33 0.557293 0.608714 40 2.05 1
0.8 1 1 0 0 3 2 0 3 2831.18 0.693799 0.652198 25 2.04 1
0.8 1 1 3 0 8 2 0 4 10643.6 0.927635 0.580256 126 2.05556 1
0.8 1 1 2 0 3 2 0 2 1788.98 0.67362 0.603678 4 2 1
0.8 1 1 0 0 1 1 0 2 968.467 0.319443 0.471313 3 2 1
0.8 1 0 0 0 1 1 0 2 3712.74 0.282449 0.562112 8 2 1
0.8 1 0 2 0 1 1 0 3 1888.06 0.450333 0.766661 4 2.25 1
0.8 1 0 1 0 13 3 0 2 1907.03 0.0778416 0.639002 3 2 2
0.8 1 0 0 2 4 3 0 3 734.166 0.6312 0.779272 7 2.28571 1
0.8 1 0 2 0 5 3 0 3 2820.54 0.129225 0.642688 24 2.04167 1
0.8 1 0 2 0 7 3 0 2 32.8236 0.7349 0.774145 2 2 1
0.8 1 2 2 0 3 2 0 3 219.776 0.820119 0.459146 7 2.14286 1
0.8 1 2 1 0 7 3 0 4 1072.3 0.591705 0.728622 140 2.04286 1
0.8 1 2 3 0 1 1 0 4 4843.51 0.689341 0.390626 42 2.16667 1
0.8 1 2 3 1 2 3 0 4 318.534 0.454304 0.558487 32 2.15625 1
0.8 1 2 2 0 1 1 0 5 2228.36 0.0935566 0.672225 318 2.0566 1
0.8 1 2 2 0 6 4 0 4 1064.39 0.354754 0.620453 169 2.07101 1
0.8 1 2 0 0 3 2 0 3 10.566 0.718847 0.494157 25 2.12 1
0.8 1 1 0 0 1 1 0 3 2799.08 0.85347 0.806822 12 2.33333 1
0.8 1 1 3 0 11 5 0 3 1718.45 0.823249 0.703038 191 2.06283 1
0.8 1 1 3 0 22 5 0 3 7000.77 0.340693 0.550732 6 2.16667 1
0.8 1 1 0 0 18 3 0 3 77.3 0.294139 0.617525 17 2.17647 2
0.8 1 1 3 0 3 2 0 0 0 0 0 0 0 1
0.8 1 0 2 0 18 3 0 4 5247.35 0.824779 0.795692 302 2.15232 1
0.8 1 0 2 0 3 2 0 2 1578.35 0.680494 0.818 2 2 1
0.8 1 0 2 0 7 3 0 2 1913.15 0.702889 0.702889 1 2 1
0.8 1 0 2 0 3 2 0 3 42.5326 0.289398 0.584056 33 2.12121 2
0.8 1 0 3 0 3 2 0 3 9265.6 0.792605 0.514461 13 2.07692 1
0.8 1 0 0 0 1 1 0 3 30.5958 0.674127 0.702856 47 2.12766 1
0.8 1 0 2 0 3 2 0 4 1049.56 0.332508 0.621577 165 2.07273 1
0.8 1 0 2 0 1 1 0 3 64.2007 0.566348 0.636878 32 2.15625 1
0.8 1 0 0 0 6 4 0 3 11776 0.322622 0.452394 10 2.1 1
0.8 1 0 2 0 1 1 0 4 4379.49 0.957228 0.719598 97 2.08247 1
0.8 1 0 1 0 1 1 0 4 1044.22 0.400788 0.613069 169 2.07101 1
0.8 1 2 2 0 7 3 0 3 8321.04 0.856338 0.615993 25 2.12 1
0.8 1 2 3 0 1 1 0 2 0.170139 0.0884009 0.47487 2 2 1
0.8 1 2 2 0 1 1 0 2 2006.99 0.912436 0.912436 1 2 1
0.8 1 2 0 1 10 3 0 0 0 0 0 0 0 1
0.8 1 1 2 0 14 6 0 3 50.4076 0.634516 0.643471 33 2.18182 1
0.8 1 1 0 2 4 3 0 2 14333.5 0.635484 0.635484 1 2 1
0.8 1 1 2 0 3 2 0 3 8646.93 0.629647 0.680817 7 2.14286 1
0.8 1 1 0 0 3 2 0 3 11186.9 0.235428 0.579302 15 2.06667 1
0.8 1 1 2 0 1 1 0 4 5223.24 0.816998 0.689335 236 2.11864 1
0.8 1 1 3 0 1 1 0 0 0 0 0 0 0 1
0.8 1 1 0 0 1 1 0 2 3120.37 0.225582 0.225582 1 2 1
0.8 1 1 3 0 4 3 0 3 11757.7 0.393888 0.691166 6 2.16667 1
0.8 1 0 3 0 3 2 0 0 0 0 0 0 0 2
0.8 1 0 0 0 1 1 0 3 12.2451 0.829533 0.517978 25 2.12 1
0.8 1 0 2 0 3 2 0 3 11.6632 0.46266 0.573134 28 2.14286 1
0.8 1 0 1 0 11 5 0 3 3903.56 0.157918 0.157918 1 3 1
0.8 1 0 2 0 7 3 0 4 4792.11 0.74124 0.422206 41 2.14634 2
0.8 1 0 3 0 3 2 0 3 8.89514 0.576908 0.595613 32 2.1875 1
0.8 1 0 2 0 13 3 0 3 38.7944 0.23984 0.603706 14 2.21429 1
0.8 1 0 1 0 3 2 0 3 2703.64 0.935783 0.771826 49 2.08163 1
0.8 1 0 1 0 1 1 0 3 2238.44 0.825296 0.82497 7 2.14286 1
0.8 1 0 3 0 2 3 0 0 0 0 0 0 0 1
0.8 0 2 0 0 3 2 0 2 2310.54 0.471242 0.775915 6 2 1
0.8 0 2 3 3 1 1 0 3 31.3285 0.356672 0.617338 27 2.11111 2
0.8 0 2 3 0 3 2 0 0 0 0 0 0 0 1
0.8 0 1 3 0 3 2 0 2 11119.9 0.301281 0.301281 1 2 2
0.8 0 1 2 0 1 1 0 3 22.6194 0.0608724 0.433617 9 2.33333 1
0.8 0 1 3 0 1 1 0 2 5670.97 0.923003 0.923003 1 2 2
0.8 0 1 3 0 3 2 0 2 255.587 0.670601 0.600626 2 2 1
0.8 0 1 0 0 3 2 0 3 5860.74 0.974543 0.754575 5 2.2 1
0.8 0 1 0 0 3 2 0 3 13826.2 0.275069 0.534275 22 2.09091 1
0.8 0 1 3 0 1 1 0 2 6196.97 0.231471 0.598532 3 2 1
0.8 0 0 2 1 2 3 0 3 1699.22 0.792385 0.792385 1 3 2
0.8 0 0 0 0 2 3 0 0 0 0 0 0 0 1
0.8 0 0 0 0 3 2 0 3 3895.66 0.45755 0.620011 266 2.07143 1
0.8 0 0 3 0 3 2 0 0 0 0 0 0 0 1
0.8 0 0 3 0 2 3 0 0 0 0 0 0 0 1
0.8 0 0 0 0 3 2 0 3 136.366 0.736864 0.432105 6 2.16667 1
0.8 0 0 0 0 3 2 0 3 136.344 0.411844 0.536614 7 2.14286 1
0.8 0 0 0 0 3 2 0 5 3970.08 0.416508 0.679955 103 2.05825 1
0.8 0 0 3 0 3 2 0 3 9.17361 0.481456 0.628508 29 2.2069 1
0.8 0 0 2 0 3 2 0 3 9.05417 0.510444 0.642285 26 2.11538 1
0.8 0 0 0 0 3 2 0 3 2917.29 0.593561 0.566918 65 2.04615 1
0.8 0 0 0 0 7 3 0 3 13817.3 0.409175 0.532032 19 2.10526 1
0.8 0 0 0 0 2 3 0 0 0 0 0 0 0 1
0.8 0 0 3 0 1 1 0 3 2442.54 0.984079 0.415137 47 2.06383 1
0.8 0 0 3 0 3 2 0 3 7.09375 0.544565 0.639568 23 2.13043 1
0.8 0 0 0 0 3 2 0 3 5.34097 0.042409 0.621187 11 2.27273 1
0.8 0 0 0 0 3 2 0 2 3670 0.940862 0.881697 2 2 1
0.8 0 0 3 0 3 2 0 4 1451.13 0.884221 0.725258 407 2.07371 1
0.8 0 0 1 0 3 2 0 0 0 0 0 0 0 1
0.8 0 0 0 0 3 2 0 3 1236.65 0.801159 0.755256 59 2.0339 1
0.8 0 0 3 0 3 2 0 2 3416.02 0.516683 0.568675 7 2 1
0.8 0 2 1 0 3 2 0 3 1.07569 0.166772 0.666343 18 2.22222 1
0.8 0 2 0 0 3 2 0 3 4.50486 0.776447 0.651204 18 2.16667 1
0.8 0 2 1 0 1 1 0 4 2450.13 0.942513 0.631257 292 2.06164 1
0.8 0 2 1 0 3 2 0 3 0.0722222 0.102369 0.729931 22 2.27273 1
0.8 0 2 0 0 3 2 0 2 1.16875 0.189056 0.367346 6 2 1
0.8 0 2 0 0 3 2 0 3 3.67083 0.84995 0.668166 18 2.11111 1
0.8 0 2 0 0 3 2 0 3 2459.76 0.800167 0.749987 17 2.23529 2
0.8 0 2 3 0 7 3 0 3 10550.2 0.314404 0.663945 5 2.2 1
0.8 0 2 0 0 3 2 0 3 13811.5 0.829436 0.63069 15 2.13333 1
0.8 0 2 0 0 3 2 0 4 6637.2 0.960399 0.788367 189 2.13757 2
0.8 0 2 0 0 3 2 0 2 1749.42 0.820629 0.748917 3 2 1
0.8 0 2 0 0 3 2 0 2 0.399306 0.409753 0.477082 6 2 1
0.8 0 2 0 0 3 2 0 4 5247.93 0.706621 0.68714 240 2.15 1
0.8 0 2 3 0 3 2 0 3 2.31111 0.648962 0.680191 19 2.15789 1
0.8 0 2 3 0 3 2 0 3 3730.74 0.994769 0.669601 8 2.25 1
0.8 0 2 3 0 3 2 0 3 2458.27 0.29586 0.586271 26 2.15385 1
0.8 0 2 3 0 3 2 0 2 130.285 0.665426 0.496993 3 2 1
0.8 0 2 3 0 4 3 0 2 218.631 0.322183 0.639767 4 2 1
0.8 0 2 3 0 3 2 0 6 5201.88 0.818857 0.771534 67 2.10448 1
0.8 0 2 2 0 7 3 0 3 1.90903 0.714024 0.611607 25 2.24 1
0.8 0 2 1 0 3 2 0 3 2073.04 0.215518 0.551344 31 2.09677 1
0.8 0 2 3 0 3 2 0 3 11102.7 0.21444 0.672834 10 2.2 2
0.8 0 2 3 0 3 2 0 3 2457.22 0.408748 0.615493 23 2.17391 1
0.8 0 2 2 0 3 2 0 3 13809.8 0.509216 0.52334 12 2.16667 1
0.8 0 2 2 0 3 2 0 3 2909.63 0.590635 0.710048 46 2.04348 1
0.8 0 2 2 0 3 2 0 2 0.779861 0.608719 0.638827 3 2 1
0.8 0 2 2 0 3 2 0 3 8257.83 0.910159 0.472495 10 2.2 1
0.8 0 2 0 0 3 2 0 3 0.584028 0.626267 0.572106 20 2.2 1
0.8 0 2 0 0 3 2 0 3 2456.49 0.0830196 0.637603 24 2.20833 1
0.8 0 2 3 0 3 2 0 2 3225.94 0.197669 0.308098 2 2 1
0.8 0 2 3 0 3 2 0 3 11101.8 0.221389 0.716416 8 2.25 1
0.8 0 2 3 0 3 2 0 3 0.0798611 0.733491 0.795793 10 2.2 1
0.8 0 2 2 0 12 5 0 3 2725.32 0.749641 0.65739 18 2.11111 2
0.8 0 2 2 0 3 2 0 3 0.111806 0.183695 0.478231 6 2.16667 1
0.8 0 2 2 0 3 2 0 3 0.101389 0.474617 0.713429 5 2.4 1
0.8 0 2 2 0 3 2 0 2 11134.5 0.801908 0.646978 2 2 1
0.8 0 2 2 0 3 2 0 3 220.353 0.906486 0.686707 123 2.05691 1
0.8 0 2 2 0 3 2 0 2 2385.36 0.227674 0.48596 4 2 2
0.8 0 2 2 0 3 2 0 3 13808.7 0.610351 0.644088 12 2.16667 1
0.8 0 2 3 0 17 6 0 3 581.797 0.645529 0.698914 12 2.25 1
0.8 0 1 1 0 19 5 0 0 0 0 0 0 0 1
0.8 0 1 1 0 11 5 0 3 604.502 0.878672 0.670508 56 2.14286 1
0.8 0 1 0 0 11 5 0 5 1572.42 0.949455 0.695289 58 2.17241 1
0.8 0 1 0 0 7 3 0 2 2731.05 0.988492 0.848908 2 2 1
0.8 0 1 3 1 7 3 0 3 2930.04 0.455568 0.470329 67 2.02985 1
0.8 0 1 3 0 3 2 0 3 735.469 0.654941 0.670093 32 2.125 1
0.8 0 1 3 1 2 3 0 2 7937.95 0.821063 0.821063 1 2 1
0.8 0 0 0 1 2 3 0 2 1318.32 0.731571 0.839916 2 2 1
0.8 0 0 3 0 19 5 0 3 9522.55 0.868805 0.595053 52 2.01923 1
0.8 0 0 0 0 2 3 0 3 10639.1 0.188409 0.380627 4 2.25 1
0.8 0 0 3 0 1 1 0 3 6316.1 0.252018 0.719618 13 2.15385 1
0.8 0 0 3 0 7 3 0 2 1620.69 0.471676 0.536504 4 2 2
0.8 0 0 2 0 1 1 0 2 1523.17 0.687641 0.687641 1 2 1
0.8 0 0 1 0 3 2 0 0 0 0 0 0 0 1
0.8 0 0 0 0 19 5 0 2 1143.41 0.690204 0.548163 4 2 1
0.8 0 0 0 0 3 2 0 4 13679.8 0.129388 0.55951 3 2.66667 1
0.8 0 2 3 0 2 3 0 2 480.919 0.760904 0.760904 1 2 1
0.8 0 2 3 0 18 3 0 2 1231.12 0.240545 0.598802 3 2 1
0.8 0 2 1 0 18 3 0 2 424.755 0.531836 0.586196 10 2 2
0.8 0 2 0 0 7 3 0 3 226.935 0.986186 0.428743 10 2.3 1
0.8 0 2 3 0 7 3 0 2 31.4667 0.292041 0.688935 10 2 1
0.8 0 2 3 0 1 1 0 2 2211.27 0.857287 0.59018 3 2 1
0.8 0 1 2 0 1 1 0 3 243.164 0.353708 0.605866 33 2.15152 1
0.8 0 1 3 2 4 3 0 2 118.922 0.235306 0.543613 5 2 1
0.8 0 0 0 0 1 1 0 4 5063.66 0.66767 0.385702 45 2.15556 1
0.8 0 0 0 0 6 4 0 4 0.0944444 0.346697 0.425292 4 2.5 1
0.8 0 0 0 1 6 4 0 2 1080.92 0.806016 0.702987 7 2 2
0.8 0 0 0 0 1 1 0 3 3724.15 0.805968 0.805968 1 3 1
0.8 3 2 2 0 3 2 0 3 1050.17 0.869615 0.611929 38 2.05263 1
0.8 3 2 0 0 1 1 0 3 4057.69 0.716926 0.758188 21 2.14286 1
0.8 3 2 3 0 1 1 0 2 7.00556 0.996755 0.731296 7 2 1
0.8 3 2 2 0 3 2 0 2 1590.54 0.667742 0.711271 9 2 1
0.8 3 2 1 0 1 1 0 4 5047.99 0.787226 0.798362 22 2.09091 1
0.8 3 2 0 0 3 2 0 3 6209.59 0.4494 0.554305 36 2.02778 1
0.8 3 1 2 0 3 2 0 4 5466.19 0.278305 0.528816 270 2.13333 1
0.8 3 1 3 0 3 2 0 2 668.1 0.954187 0.401598 6 2 2
0.8 3 1 3 0 3 2 0 3 12777.7 0.481349 0.72805 2 2.5 1
0.8 3 1 2 0 1 1 0 4 5042.11 0.565855 0.415549 45 2.15556 1
0.8 3 1 3 0 2 3 0 2 4019.87 0.357096 0.357096 1 2 1
0.8 3 1 3 0 8 2 0 2 487.095 0.726121 0.695532 3 2 1
0.8 3 1 0 0 1 1 0 3 8143.82 0.293347 0.293347 1 3 1
0.8 3 1 0 0 1 1 0 3 13264.1 0.113322 0.345871 5 2.2 1
0.8 3 1 1 0 1 1 0 3 1906.19 0.277045 0.468529 74 2.04054 1
0.818182 1 1 3 3 4 3 0 3 405.033 0.781581 0.616949 9 2.33333 1
0.818182 1 0 1 0 4 3 0 3 1150.88 0.719528 0.637062 41 2.14634 1
0.818182 1 0 3 0 2 3 0 2 348.817 0.253683 0.393402 2 2 2
0.818182 1 0 0 0 14 6 0 4 5148.68 0.56866 0.790399 44 2.04545 1
0.818182 1 0 2 0 1 1 0 4 5569.17 0.426493 0.573436 267 2.11985 1
0.818182 0 2 3 0 10 3 0 3 104.542 0.863702 0.718759 13 2.30769 1
0.818182 0 2 0 0 1 1 0 5 4349.19 0.788028 0.574312 116 2.07759 1
0.818182 0 2 2 0 1 1 0 0 0 0 0 0 0 1
0.818182 0 2 3 1 3 2 0 2 111.162 0.50084 0.537976 17 2 1
0.818182 0 2 2 0 2 3 0 0 0 0 0 0 0 1
0.818182 0 2 2 0 1 1 0 0 0 0 0 0 0 1
0.818182 0 2 1 0 7 3 0 3 1133.9 0.864313 0.703427 32 2.0625 1
0.818182 0 2 3 0 1 1 0 4 5559.54 0.539329 0.635856 267 2.11985 1
0.818182 0 1 2 0 3 2 0 2 2525.64 0.554152 0.554152 1 2 1
0.818182 0 0 3 0 11 5 0 3 2459.67 0.920645 0.816383 12 2.08333 1
0.818182 0 0 2 0 2 3 0 2 6851.81 0.741847 0.741847 1 2 1
0.818182 0 0 0 0 4 3 0 4 5120.64 0.713794 0.395989 48 2.14583 1
0.818182 0 0 3 0 12 5 0 2 1253.12 0.724127 0.827212 4 2 1
0.818182 0 0 2 0 18 3 0 0 0 0 0 0 0 1
0.818182 0 2 3 0 3 2 0 3 14174 0.37478 0.568907 19 2.05263 1
0.818182 0 2 0 0 1 1 0 2 326.86 0.873017 0.513871 17 2 1
0.818182 0 2 2 2 10 3 0 3 9391.64 0.345661 0.491011 2 2.5 1
0.818182 0 2 0 0 2 3 0 3 276.928 0.218252 0.545723 19 2.21053 1
0.818182 0 2 3 0 4 3 0 0 0 0 0 0 0 1
0.818182 0 2 1 0 2 3 0 4 5105.92 0.578878 0.398595 50 2.14 1
0.818182 0 2 1 0 13 3 0 3 1752.41 0.836876 0.716366 113 2.0531 1
0.818182 0 1 0 0 2 3 0 3 710.134 0.615627 0.525464 2 2.5 1
0.818182 0 1 1 0 1 1 0 3 56.4826 0.223553 0.498905 7 2.14286 1
0.818182 0 1 3 0 2 3 0 2 565.132 0.951654 0.80161 2 2 1
0.818182 0 0 2 1 2 3 0 2 5926.1 0.782431 0.792614 3 2 1
0.818182 0 0 3 2 4 3 0 4 4656.69 0.921579 0.699343 99 2.07071 1
0.818182 0 0 0 0 1 1 0 3 2770.81 0.972541 0.72106 33 2.09091 1
0.818182 0 0 0 0 5 3 0 2 635.429 0.415966 0.518782 2 2 2
0.818182 0 2 3 0 2 3 0 3 12597.2 0.408597 0.408597 1 3 2
0.818182 0 2 3 0 2 3 0 0 0 0 0 0 0 2
0.818182 0 1 3 0 13 3 0 3 451.712 0.790416 0.884771 2 2.5 2
0.818182 0 0 0 0 3 2 1 3 435.376 0.563889 0.579775 17 2.11765 2
0.818182 3 1 2 0 3 2 0 4 3099.29 0.850926 0.578651 238 2.06723 1
0.818182 3 1 0 0 3 2 0 4 3096.9 0.837696 0.598285 257 2.07393 2
0.818182 3 2 2 0 1 1 0 3 1759.01 0.893092 0.55703 163 2.07362 2
0.818182 3 2 3 0 2 3 0 2 1631.54 0.74329 0.672821 4 2 2
0.818182 3 1 2 2 7 3 1 3 2123.8 0.753904 0.598665 49 2.06122 2
0.818182 2 2 0 0 10 3 0 2 570.708 0.754948 0.663446 11 2 1
0.818182 2 2 3 1 4 3 0 3 6229.94 0.999029 0.836556 5 2.2 1
0.818182 2 2 2 0 2 3 0 3 11576.4 0.196372 0.196372 1 3 1
0.818182 2 2 0 0 2 3 0 4 5746.86 0.905709 0.788763 240 2.09583 1
0.818182 2 2 0 0 2 3 0 3 458.927 0.937029 0.750998 26 2.23077 1
0.818182 2 2 2 0 2 3 0 3 5895.7 0.567094 0.564256 41 2.04878 1
0.818182 2 1 3 0 6 4 0 0 0 0 0 0 0 1
0.818182 2 0 0 0 2 3 0 3 2211.89 0.514531 0.334885 6 2.16667 1
0.818182 2 0 0 0 10 3 0 3 2930.23 0.960559 0.733347 22 2.09091 1
0.818182 2 0 2 0 2 3 0 3 8404.83 0.900185 0.79347 6 2.16667 1
0.818182 2 0 3 0 1 1 0 3 3078.46 0.786612 0.711029 51 2.11765 1
0.818182 2 0 1 0 1 1 0 3 1528.24 0.323593 0.457483 18 2.05556 1
0.818182 2 2 1 0 3 2 0 0 0 0 0 0 0 1
0.818182 2 2 0 0 19 5 0 3 7910.14 0.675168 0.759681 14 2.07143 1
0.818182 2 2 3 0 19 5 0 3 679.762 0.814368 0.768398 2 2.5 1
0.818182 2 2 3 0 13 3 0 3 2180.08 0.350672 0.547439 5 2.2 2
0.818182 2 2 2 0 3 2 0 2 2415.09 0.95552 0.862712 4 2 2
0.818182 2 2 0 0 13 3 0 2 697.701 0.618578 0.686446 3 2 1
0.818182 2 2 0 0 13 3 0 4 5782.89 0.700769 0.677994 262 2.15267 1
0.818182 2 2 3 0 1 1 0 3 8717.98 0.83196 0.75555 2 2.5 1
0.818182 2 2 3 0 2 3 0 3 400.717 0.379652 0.624013 2 2.5 1
0.818182 2 2 2 0 1 1 0 2 1426.42 0.565063 0.503479 4 2 1
0.818182 2 1 2 0 18 3 0 2 6642.63 0.956746 0.895215 2 2 1
0.818182 2 1 3 0 19 5 0 3 7255.32 0.464127 0.46875 21 2.33333 1
0.818182 2 1 2 0 2 3 0 0 0 0 0 0 0 2
0.818182 2 0 0 0 4 3 0 3 3030.12 0.71876 0.677702 13 2.15385 1
0.818182 2 0 0 0 4 3 0 2 1374.17 0.334091 0.698246 3 2 1
0.818182 2 0 1 2 2 3 0 3 31.0035 0.296051 0.72303 32 2.1875 2
0.818182 2 2 2 0 2 3 0 3 14233.4 0.674091 0.80193 3 2.33333 1
0.818182 2 2 0 0 1 1 0 3 15866.4 0.56686 0.68654 2 2.5 1
0.818182 2 2 2 0 3 2 0 4 5683.33 0.909254 0.665702 345 2.14783 1
0.818182 2 2 1 0 1 1 0 3 2273.09 0.847729 0.638015 13 2.23077 1
0.818182 2 2 0 2 4 3 0 2 1233.74 0.573886 0.573886 1 2 2
0.818182 2 2 3 0 1 1 0 2 1233.28 0.0706464 0.173237 2 2 1
0.818182 2 2 0 0 1 1 1 3 3229.9 0.3676 0.599532 27 2.03704 1
0.818182 2 1 2 0 15 7 0 0 0 0 0 0 0 1
0.818182 2 1 0 0 4 3 0 3 1883.69 0.557901 0.508577 161 2.11801 1
0.818182 2 1 0 0 4 3 0 4 7235.04 0.647773 0.539673 31 2.22581 1
0.818182 2 1 0 0 1 1 0 3 2398.87 0.0523165 0.491073 42 2.04762 1
0.818182 2 1 0 0 3 2 0 4 7233.21 0.705751 0.568128 30 2.23333 1
0.818182 2 1 3 0 2 3 0 3 9422.08 0.877835 0.625519 7 2.14286 1
0.818182 2 1 0 0 2 3 0 3 8.78056 0.494061 0.502432 27 2.14815 1
0.818182 2 0 3 0 2 3 0 3 4768.98 0.909795 0.583661 52 2.05769 1
0.818182 2 0 3 0 2 3 0 4 52.8431 0.581232 0.708025 3 3 1
0.818182 2 0 0 0 3 2 0 3 9416.38 0.742104 0.717189 7 2.14286 1
0.818182 2 0 0 0 3 2 0 3 5811.27 0.513845 0.492027 23 2.13043 1
0.818182 2 0 3 0 3 2 0 3 201.067 0.220294 0.523533 9 2.11111 1
0.818182 2 0 0 0 2 3 0 3 204.039 0.655757 0.630026 20 2.3 1
0.818182 2 0 2 0 2 3 0 2 2362.3 0.878075 0.8357 4 2 1
0.818182 2 0 3 2 4 3 0 0 0 0 0 0 0 1
0.818182 2 0 3 0 13 3 0 2 2172.15 0.822981 0.686387 5 2 2
0.818182 2 0 1 0 3 2 0 3 39.6576 0.57653 0.660423 32 2.125 2
0.818182 1 2 0 0 4 3 0 3 1424.49 0.23365 0.624966 9 2.11111 1
0.818182 1 2 0 0 4 3 0 3 1424.36 0.956985 0.631247 10 2.1 1
0.818182 1 2 3 0 16 6 0 4 5233.44 0.486086 0.693994 33 2.09091 1
0.818182 1 2 3 0 2 3 0 4 9606.41 0.960431 0.651448 17 2.35294 1
0.818182 1 2 2 0 4 3 0 2 1660.13 0.483373 0.673772 8 2 1
0.818182 1 2 0 0 3 2 0 3 4752.31 0.367761 0.574742 27 2.03704 1
0.818182 1 2 3 2 4 3 0 2 822.081 0.471287 0.395955 2 2 2
0.818182 1 1 2 0 12 5 0 3 11636 0.658036 0.680684 7 2.42857 1
0.818182 1 1 1 0 4 3 0 3 14164.3 0.665403 0.526565 10 2.1 1
0.818182 1 1 0 0 18 3 0 3 11634.7 0.838904 0.731169 5 2.4 1
0.818182 1 0 2 0 2 3 0 0 0 0 0 0 0 1
0.818182 1 0 1 0 6 4 2 3 14326.3 0.801836 0.673067 11 2.09091 1
0.818182 1 0 0 0 10 3 0 3 2356.63 0.172382 0.578253 50 2.04 1
0.818182 1 2 0 0 1 1 0 3 5782.42 0.888753 0.672476 30 2.03333 1
0.818182 1 2 1 0 11 5 0 3 9996.1 0.804008 0.560356 52 2.01923 1
0.818182 1 2 2 0 1 1 0 3 165.399 0.268391 0.616812 29 2.2069 1
0.818182 1 2 2 0 2 3 0 2 11.8299 0.97318 0.97318 1 2 1
0.818182 1 2 3 0 2 3 0 3 372.272 0.982599 0.524008 26 2.11538 2
0.818182 1 2 2 0 2 3 0 2 5931.57 0.201762 0.358197 2 2 2
0.818182 1 2 3 0 11 5 0 2 2756.44 0.558309 0.571584 4 2 1
0.818182 1 2 0 0 2 3 0 4 2126.64 0.543821 0.643954 142 2.09859 1
0.818182 1 1 3 0 2 3 0 4 5192.54 0.319545 0.400068 50 2.14 2
0.818182 1 1 1 0 2 3 0 3 1820.78 0.488674 0.671041 212 2.10377 1
0.818182 1 1 0 0 2 3 0 0 0 0 0 0 0 1
0.818182 1 1 0 0 2 3 0 2 586.117 0.968992 0.968992 1 2 1
0.818182 1 1 3 0 2 3 1 3 7097.37 0.755987 0.704078 2 2.5 1
0.818182 1 1 3 0 2 3 1 0 0 0 0 0 0 2
0.818182 1 1 3 0 2 3 2 2 10852.1 0.494259 0.494259 1 2 1
0.818182 1 1 2 0 2 3 2 0 0 0 0 0 0 1
0.818182 1 1 1 0 1 1 0 3 1946.67 0.4012 0.579377 71 2.02817 1
0.818182 1 1 3 0 12 5 1 2 148.056 0.632107 0.720566 3 2 1
0.818182 1 1 3 0 1 1 0 3 1816.12 0.468029 0.564087 179 2.10615 1
0.818182 1 1 3 0 12 5 0 3 148.603 0.738352 0.687998 36 2.13889 2
0.818182 1 0 3 0 3 2 0 2 240.113 0.617263 0.737831 3 2 1
0.818182 1 0 0 0 4 3 0 3 2326.87 0.0215849 0.523703 40 2.05 1
0.818182 1 0 3 0 1 1 0 2 1408.18 0.555117 0.604657 9 2 1
0.818182 1 0 3 0 14 6 0 3 1806.21 0.426327 0.659997 184 2.08696 1
0.818182 1 0 0 1 7 3 0 3 139.031 0.661303 0.634918 17 2.29412 1
0.818182 1 0 0 0 4 3 0 3 138.967 0.752885 0.634743 40 2.2 1
0.818182 1 2 0 0 19 5 0 3 14099.4 0.984136 0.729711 5 2.2 1
0.818182 1 2 3 0 1 1 0 3 309.708 0.764873 0.686635 216 2.07407 1
0.818182 1 2 2 0 1 1 0 2 2583.9 0.72096 0.516293 2 2 1
0.818182 1 1 2 2 4 3 0 2 4193.4 0.795756 0.795756 1 2 1
0.818182 1 1 0 0 5 3 0 4 5655.15 0.69669 0.615509 353 2.07932 2
