12
1693
0.836364 0 0 0 0.034249 0.250717 0 3 7 0 3 0 2
0.836364 0 0 0 0.367025 0.215791 1 3 13 0 3 0 2
0.836364 3 2 3 0.354941 0.225739 0 3 2 0 3 0 2
0.836364 3 2 1 0.03492 0.232886 0 3 1 0 1 0 2
0.836364 3 2 3 0.385375 0.438134 1 3 2 1 3 0 2
0.836364 3 1 2 0.354244 0.264485 1 3 2 0 3 0 2
0.836364 3 1 3 0.345474 0.261679 0 3 12 0 5 0 2
0.836364 3 1 3 0.410234 0.227186 0 3 2 0 3 0 2
0.836364 3 1 0 0.034806 0.257157 0 3 12 0 5 0 2
0.836364 3 1 3 0.410213 0.226836 1 3 2 0 3 0 2
0.836364 3 0 1 0.351821 0.250128 0 3 12 1 5 0 2
0.836364 3 0 2 0.410726 0.022673 0 3 12 0 5 0 2
0.836364 3 0 0 0.428375 0.184742 0 3 11 0 5 0 2
0.836364 3 0 0 0.418543 0.198885 0 3 1 0 1 0 2
0.836364 3 0 2 0.408388 0.342515 2 3 4 0 3 0 2
0.836364 3 0 2 0.364071 0.263599 0 3 2 0 3 0 2
0.836364 3 2 0 0.349927 0.266243 0 3 19 0 5 0 2
0.836364 3 2 2 0.443875 0.395642 0 3 8 0 2 0 2
0.836364 3 2 3 0.399843 0.197289 0 3 3 0 2 0 2
0.836364 3 2 3 0.389244 0.221115 0 3 1 1 1 0 2
0.836364 3 2 0 0.039795 0.286703 0 3 1 0 1 0 2
0.836364 3 2 3 0.383878 0.420434 0 3 8 1 2 0 2
0.836364 3 1 1 0.398594 0.205511 0 3 8 0 2 0 2
0.836364 3 1 3 0.397758 0.020602 0 3 8 0 2 0 2
0.836364 3 1 1 0.397218 0.205605 1 3 1 0 1 0 2
0.836364 3 1 3 0.360904 0.305099 0 3 3 0 2 0 2
0.836364 3 1 2 0.384081 0.219247 0 3 1 0 1 0 2
0.836364 3 1 3 0.386582 0.435281 1 3 2 0 3 0 2
0.836364 3 1 3 0.349643 0.232281 0 3 4 0 3 0 2
0.836364 3 1 3 0.379179 0.269551 0 3 8 1 2 0 2
0.836364 3 1 2 0.039806 0.206276 0 3 8 1 2 1 2
0.836364 3 1 2 0.397848 0.206133 0 3 8 1 2 1 2
0.836364 3 1 2 0.03977 0.206323 0 3 8 0 2 0 2
0.836364 3 1 1 0.039744 0.207218 0 3 1 0 1 0 2
0.836364 3 1 1 0.408673 0.309044 0 3 8 1 2 0 2
0.836364 3 1 0 0.397853 0.206645 0 3 8 1 2 0 2
0.836364 3 1 0 0.397682 0.207164 0 3 8 1 2 0 2
0.836364 3 1 0 0.398066 0.206632 0 3 8 1 2 0 2
0.836364 3 1 0 0.398453 0.020644 0 3 8 1 2 0 2
0.836364 3 1 0 0.397536 0.206496 0 3 8 1 2 0 2
0.836364 3 1 3 0.03974 0.207143 0 3 8 1 2 0 2
0.836364 3 1 3 0.397864 0.0206 0 4 8 1 2 0 2
0.836364 3 1 3 0.397478 0.206335 0 4 8 1 2 0 2
0.836364 3 1 3 0.039752 0.020696 0 3 8 1 2 0 2
0.836364 3 1 3 0.398073 0.206096 0 3 8 1 2 0 2
0.836364 3 1 3 0.039768 0.020702 0 3 8 1 2 0 2
0.836364 3 1 3 0.397251 0.207046 0 3 8 1 2 0 2
0.836364 3 1 3 0.397278 0.206382 0 3 8 1 2 0 2
0.836364 3 1 3 0.398071 0.205924 0 4 8 1 2 0 2
0.836364 3 1 3 0.397659 0.207143 0 4 8 1 2 0 2
0.836364 3 1 3 0.397649 0.206728 0 3 8 1 2 0 2
0.836364 3 1 3 0.397027 0.206977 0 3 8 1 2 0 2
0.836364 3 1 3 0.397235 0.206628 0 3 8 1 2 0 2
0.836364 3 1 2 0.397497 0.207396 0 3 8 1 2 0 2
0.836364 3 1 2 0.039799 0.206839 0 3 8 1 2 0 2
0.836364 3 1 2 0.397657 0.207978 0 3 8 0 2 0 2
0.836364 3 1 0 0.398063 0.206463 0 4 20 0 5 0 2
0.836364 3 1 0 0.422088 0.307242 0 4 2 0 3 0 2
0.836364 3 1 3 0.347273 0.265171 0 3 1 1 1 0 2
0.836364 3 1 3 0.389237 0.276505 0 3 1 0 1 0 1
0.836364 3 1 0 0.389898 0.277693 0 2 3 0 2 0 2
0.836364 3 0 3 0.383632 0.218896 0 3 12 0 5 0 2
0.836364 3 0 3 0.410245 0.226728 0 3 2 0 3 0 1
0.836364 3 0 0 0.349866 0.249096 0 2 12 0 5 0 1
0.836364 3 0 3 0.420193 0.215402 0 2 7 0 3 0 2
0.836364 3 0 2 0.037716 0.211372 0 3 12 0 5 0 2
0.836364 3 2 3 0.424892 0.191307 0 3 2 0 3 0 2
0.836364 3 2 3 0.347274 0.247942 0 3 6 0 4 0 2
0.836364 3 2 0 0.03953 0.0241 0 3 1 0 1 1 2
0.836364 3 2 0 0.379398 0.291875 1 3 7 0 3 0 2
0.836364 3 2 2 0.367738 0.021912 2 4 4 0 3 0 2
0.836364 3 2 2 0.363888 0.276141 0 4 3 0 2 0 2
0.836364 3 2 0 0.390404 0.222902 0 3 7 0 3 0 1
0.836364 3 2 2 0.03647 0.02207 0 2 20 0 5 0 2
0.836364 3 2 2 0.042556 0.409136 0 3 10 0 3 0 2
0.836364 3 1 3 0.351678 0.315595 0 3 3 1 2 0 2
0.836364 3 1 0 0.382092 0.203479 0 3 3 0 2 0 2
0.836364 3 1 3 0.038879 0.023349 0 3 5 0 3 0 2
0.836364 3 1 3 0.378903 0.201525 0 3 12 0 5 0 1
0.836364 3 1 0 0.04203 0.02147 0 2 7 0 3 0 2
0.836364 3 1 2 0.377297 0.211039 0 3 12 1 5 0 1
0.836364 3 1 1 0.041993 0.214464 0 2 12 0 5 0 1
0.836364 3 1 0 0.04202 0.02149 0 2 1 1 1 0 2
0.836364 3 1 0 0.388007 0.277023 0 3 1 1 1 0 2
0.836364 3 1 0 0.388686 0.277178 0 3 1 0 1 0 2
0.836364 3 1 1 0.038901 0.027747 0 3 12 1 5 0 2
0.836364 3 1 0 0.420081 0.214876 0 4 12 0 5 0 2
0.836364 3 0 2 0.042 0.02151 3 3 4 1 3 0 2
0.836364 3 0 0 0.368658 0.256026 1 3 4 0 3 0 2
0.836364 3 0 2 0.362549 0.028239 0 3 7 0 3 1 2
0.836364 3 0 2 0.362312 0.212122 0 3 1 0 1 1 1
0.836364 3 0 0 0.393015 0.363162 0 2 3 0 2 0 2
0.836364 2 2 3 0.384603 0.020591 0 3 11 0 5 0 2
0.836364 2 2 0 0.041287 0.020396 1 3 13 0 3 0 2
0.836364 2 2 1 0.360656 0.209341 0 3 6 0 4 0 2
0.836364 2 2 0 0.385878 0.245574 0 3 1 0 1 0 2
0.836364 2 2 3 0.038747 0.043106 1 3 4 0 3 0 1
0.836364 2 1 3 0.362488 0.284499 0 2 1 0 1 0 2
0.836364 2 1 1 0.038629 0.380224 0 3 4 0 3 0 2
0.836364 2 0 2 0.350952 0.270396 1 3 10 0 3 0 2
0.836364 2 0 0 0.352854 0.316249 0 3 3 0 2 0 2
0.836364 2 0 2 0.406532 0.234108 0 3 1 0 1 1 2
0.836364 2 2 2 0.403368 0.333082 0 3 13 0 3 0 2
0.836364 2 2 2 0.352967 0.229303 0 4 14 0 6 0 2
0.836364 2 2 0 0.352548 0.390853 0 3 20 0 5 0 2
0.836364 2 2 2 0.042947 0.409144 0 3 8 0 2 0 2
0.836364 2 2 3 0.391781 0.208726 0 3 10 0 3 0 2
0.836364 2 2 2 0.354101 0.314741 0 3 8 0 2 0 2
0.836364 2 2 2 0.391605 0.208982 0 3 14 0 6 0 2
0.836364 2 2 2 0.346621 0.382693 0 3 3 0 2 0 2
0.836364 2 2 3 0.038298 0.204632 0 3 20 0 5 0 2
0.836364 2 2 2 0.423383 0.352107 0 3 19 0 5 0 2
0.836364 2 1 0 0.412971 0.442903 0 3 1 0 1 0 2
0.836364 2 1 2 0.407118 0.02918 0 3 7 0 3 0 2
0.836364 2 1 2 0.361851 0.217639 1 3 10 0 3 0 2
0.836364 2 1 0 0.359119 0.311442 0 3 19 0 5 0 2
0.836364 2 1 3 0.414162 0.441707 0 3 9 0 2 0 2
0.836364 2 0 0 0.411702 0.238324 2 3 1 0 1 0 2
0.836364 2 0 0 0.368868 0.305419 0 3 10 0 3 0 1
0.836364 2 2 0 0.03462 0.03301 0 2 3 0 2 0 2
0.836364 2 2 3 0.039816 0.021156 0 3 2 1 3 0 2
0.836364 2 2 3 0.342381 0.263977 0 3 2 0 3 0 2
0.836364 2 2 0 0.341954 0.264468 0 3 1 0 1 0 2
0.836364 2 2 0 0.407032 0.292147 1 3 18 0 3 0 2
0.836364 2 2 0 0.339336 0.250993 0 3 1 0 1 0 2
0.836364 2 1 2 0.03939 0.04073 0 3 2 1 3 0 2
0.836364 2 1 3 0.356257 0.265554 1 3 2 0 3 0 2
0.836364 2 1 0 0.347415 0.240921 0 3 6 0 4 0 2
0.836364 2 0 2 0.039228 0.023739 0 3 1 0 1 0 2
0.836364 2 0 3 0.390702 0.408564 0 3 12 0 5 0 2
0.836364 2 0 0 0.444626 0.216239 0 3 1 0 1 0 2
0.836364 2 0 2 0.402627 0.029146 0 3 10 0 3 0 2
0.836364 2 0 1 0.354342 0.316157 0 3 2 0 3 0 2
0.836364 2 0 2 0.345511 0.238872 0 3 6 0 4 1 2
0.836364 2 0 3 0.386092 0.026702 0 3 2 0 3 0 2
0.836364 2 0 2 0.341319 0.026125 0 3 3 0 2 0 2
0.836364 2 0 3 0.381924 0.020307 0 3 2 0 3 0 2
0.836364 2 0 3 0.355428 0.265208 0 3 10 0 3 0 2
0.836364 1 2 3 0.354542 0.031587 1 3 2 0 3 0 2
0.836364 1 2 3 0.345598 0.255178 0 3 7 1 3 0 2
0.836364 1 2 0 0.03757 0.02357 0 3 7 0 3 0 2
0.836364 1 2 0 0.379772 0.215622 0 3 2 0 3 0 2
0.836364 1 2 0 0.349521 0.262106 0 4 9 0 2 0 2
0.836364 1 2 0 0.416575 0.232547 0 3 3 0 2 0 2
0.836364 1 2 2 0.386271 0.228968 0 3 12 0 5 0 2
0.836364 1 2 2 0.412111 0.210831 0 3 11 0 5 0 2
0.836364 1 2 2 0.412253 0.209752 0 3 12 0 5 0 2
0.836364 1 2 2 0.412581 0.02102 0 3 3 1 2 0 2
0.836364 1 1 2 0.382069 0.218494 0 3 3 0 2 0 2
0.836364 1 1 2 0.380055 0.216215 0 3 6 0 4 0 2
0.836364 1 1 2 0.386367 0.244644 0 3 11 0 5 0 2
0.836364 1 1 0 0.402356 0.197003 0 3 3 1 2 0 2
0.836364 1 1 0 0.03926 0.022929 0 3 3 0 2 0 2
0.836364 1 1 3 0.038196 0.022553 0 3 7 1 3 0 2
0.836364 1 1 3 0.366373 0.227809 0 3 7 0 3 0 2
0.836364 1 1 3 0.366975 0.229068 0 3 10 1 3 0 2
0.836364 1 1 3 0.353974 0.316214 0 3 10 0 3 0 2
0.836364 1 0 2 0.349067 0.334927 0 3 3 1 2 0 1
0.836364 1 0 0 0.388475 0.236185 0 2 3 1 2 0 2
0.836364 1 0 3 0.389013 0.021758 0 3 3 1 2 0 2
0.836364 1 0 0 0.0389 0.02173 0 3 3 0 2 0 2
0.836364 1 2 3 0.03909 0.02194 0 3 2 0 3 0 2
0.836364 1 2 3 0.03437 0.265347 0 3 3 0 2 0 2
0.836364 1 2 2 0.387064 0.204963 0 3 2 0 3 0 2
0.836364 1 2 1 0.345238 0.264142 0 3 7 0 3 0 2
0.836364 1 1 0 0.377626 0.211072 0 3 11 0 5 0 1
0.836364 1 1 0 0.403718 0.193625 0 2 22 0 5 0 2
0.836364 1 1 1 0.423999 0.259692 0 3 7 0 3 0 2
0.836364 1 1 3 0.378503 0.023494 0 3 2 0 3 0 2
0.836364 1 1 2 0.349371 0.257577 0 4 3 0 2 0 2
0.836364 1 1 0 0.038307 0.203438 0 3 13 0 3 0 2
0.836364 1 1 0 0.350234 0.229513 0 3 3 0 2 0 1
0.836364 1 0 0 0.039059 0.02184 0 2 5 0 3 0 2
0.836364 1 0 3 0.376758 0.198492 0 3 6 0 4 0 2
0.836364 1 0 3 0.386061 0.244349 0 3 2 1 3 1 2
0.836364 1 0 1 0.03419 0.02573 2 4 2 0 3 0 2
0.836364 1 2 3 0.03597 0.02518 0 3 1 0 1 0 2
0.836364 1 2 2 0.03694 0.03589 0 3 5 1 3 0 2
0.836364 1 2 3 0.376347 0.198942 0 3 5 1 3 0 2
0.836364 1 2 3 0.377172 0.203405 0 3 5 0 3 0 2
0.836364 1 2 1 0.375169 0.201644 0 4 11 0 5 0 2
0.836364 1 2 3 0.041295 0.193327 0 3 1 0 1 0 2
0.836364 1 2 2 0.360553 0.296565 1 3 10 1 3 0 2
0.836364 1 2 1 0.349721 0.033802 2 3 10 1 3 0 2
0.836364 1 2 1 0.03542 0.03254 1 3 10 0 3 0 2
0.836364 1 1 3 0.357611 0.317328 0 3 2 1 3 0 2
0.836364 1 1 1 0.351829 0.235867 0 3 2 0 3 0 2
0.836364 1 1 2 0.353026 0.236415 2 3 4 0 3 0 2
0.836364 1 1 1 0.364527 0.028057 0 3 2 1 3 0 2
0.836364 1 0 3 0.353286 0.023517 1 3 2 1 3 0 2
0.836364 1 0 1 0.348972 0.232416 0 3 2 1 3 0 2
0.836364 1 0 3 0.352159 0.238581 0 3 2 0 3 1 1
0.836364 1 0 3 0.351318 0.235021 0 2 3 0 2 0 2
0.836364 1 0 3 0.407425 0.021182 2 3 2 0 3 0 2
0.836364 0 2 3 0.344196 0.254218 0 3 18 0 3 0 2
0.836364 0 2 0 0.339568 0.262387 0 3 12 1 5 0 2
0.836364 0 2 3 0.414946 0.229195 0 3 12 0 5 0 1
0.836364 0 2 2 0.04254 0.01849 0 2 1 0 1 0 1
0.836364 0 2 1 0.370585 0.276185 1 2 7 0 3 0 2
0.836364 0 2 0 0.03607 0.02385 0 3 19 0 5 0 2
0.836364 0 1 0 0.434976 0.414373 0 3 1 0 1 1 2
0.836364 0 1 0 0.390192 0.358528 1 3 2 0 3 0 2
0.836364 0 1 0 0.350477 0.263149 1 3 13 0 3 1 2
0.836364 0 1 3 0.356008 0.021812 1 3 2 1 3 1 2
0.836364 0 1 3 0.034909 0.262948 0 3 2 0 3 0 2
0.836364 0 1 2 0.349502 0.269336 0 3 7 0 3 0 2
0.836364 0 0 2 0.375636 0.217803 0 4 2 1 3 0 2
0.836364 0 0 1 0.035171 0.236362 0 3 2 1 3 0 2
0.836364 0 0 2 0.349082 0.259739 0 3 2 1 3 0 2
0.836364 0 0 3 0.351622 0.236515 0 3 2 0 3 0 2
0.836364 0 0 1 0.03487 0.258125 0 3 1 0 1 0 2
0.836364 0 2 3 0.387613 0.378137 0 3 7 0 3 0 2
0.836364 0 2 0 0.377052 0.219785 0 3 6 0 4 0 1
0.836364 0 2 3 0.384368 0.267437 0 2 4 0 3 0 2
0.836364 0 2 2 0.365775 0.256662 0 3 2 0 3 0 2
0.836364 0 2 1 0.345959 0.266433 0 3 3 0 2 0 2
0.836364 0 2 0 0.383118 0.220771 0 3 1 1 1 0 2
0.836364 0 2 0 0.380446 0.042694 0 3 1 0 1 0 2
0.836364 0 2 0 0.366484 0.02957 0 3 2 0 3 0 2
0.836364 0 1 2 0.344918 0.024765 2 3 4 0 3 0 2
0.836364 0 1 2 0.366349 0.269684 1 3 10 0 3 0 2
0.836364 0 0 2 0.355479 0.313577 0 3 1 0 1 0 2
0.836364 0 0 1 0.395649 0.343373 0 4 12 0 5 0 2
0.836364 0 0 3 0.429131 0.185153 0 3 1 0 1 0 2
0.836364 0 0 3 0.389206 0.435475 2 3 4 0 3 1 2
0.836364 0 0 0 0.364972 0.268093 0 3 10 0 3 0 2
0.836364 0 0 2 0.343005 0.327258 0 3 3 0 2 0 2
0.836364 0 0 1 0.386037 0.205917 0 3 2 0 3 0 2
0.836364 0 0 0 0.354766 0.231981 0 3 3 0 2 0 2
0.836364 0 0 3 0.03832 0.0204 2 3 4 0 3 0 2
0.836364 0 0 0 0.364613 0.269641 0 3 1 0 1 0 2
0.836364 0 2 3 0.349934 0.270381 0 3 6 0 4 0 2
0.836364 0 2 2 0.409443 0.246776 0 3 13 0 3 0 2
0.836364 0 2 2 0.035494 0.219432 0 3 7 0 3 0 2
0.836364 0 2 3 0.365894 0.228916 0 3 12 0 5 0 2
0.836364 0 1 0 0.425139 0.185109 2 3 4 0 3 0 2
0.836364 0 1 2 0.365592 0.269183 2 4 3 0 2 0 2
0.836364 0 1 0 0.390301 0.216428 0 3 11 0 5 0 2
0.836364 0 1 3 0.400157 0.199958 0 3 1 1 1 0 2
0.836364 0 1 2 0.395427 0.397081 0 3 1 1 1 0 2
0.836364 0 1 3 0.370402 0.287156 0 3 1 0 1 0 2
0.836364 0 0 2 0.384852 0.438707 0 3 3 1 2 0 2
0.836364 0 0 3 0.384895 0.235226 0 3 3 0 2 0 2
0.836364 0 0 1 0.381322 0.220237 1 4 2 0 3 0 2
0.854545 3 2 2 0.344584 0.322671 0 3 22 0 5 0 2
0.854545 3 2 3 0.427243 0.242995 0 3 1 0 1 0 2
0.854545 3 2 2 0.370772 0.286266 0 4 7 0 3 0 2
0.854545 3 2 1 0.368901 0.214902 0 3 4 0 3 0 2
0.854545 3 2 3 0.360434 0.027188 0 3 3 0 2 0 2
0.854545 3 2 2 0.405713 0.225298 0 3 1 0 1 0 2
0.854545 3 1 3 0.370546 0.286383 0 4 3 0 2 0 2
0.854545 3 1 2 0.383839 0.221729 1 3 2 0 3 0 2
0.854545 3 1 0 0.034785 0.239271 0 3 1 0 1 0 2
0.854545 3 1 0 0.388531 0.274829 0 3 22 0 5 0 1
0.854545 3 0 2 0.429223 0.233609 0 2 2 0 3 0 2
0.854545 3 0 3 0.349125 0.260524 1 3 4 1 3 0 2
0.854545 3 0 3 0.362702 0.284165 2 3 4 0 3 0 2
0.854545 3 0 0 0.366435 0.281961 0 3 7 0 3 0 2
0.854545 3 2 0 0.037898 0.214005 0 3 4 0 3 0 2
0.854545 3 2 3 0.369672 0.273833 0 3 5 0 3 0 2
0.854545 3 2 2 0.377987 0.198291 1 3 7 0 3 0 2
0.854545 3 1 1 0.363993 0.221347 0 3 2 1 3 0 2
0.854545 3 1 2 0.342951 0.026559 1 3 2 1 3 0 2
0.854545 3 1 3 0.034737 0.241799 0 3 2 0 3 2 2
0.854545 3 1 0 0.347699 0.266093 0 3 3 0 2 1 2
0.854545 3 1 3 0.408519 0.212898 1 3 2 0 3 1 2
0.854545 3 1 3 0.346431 0.253943 0 3 6 0 4 1 2
0.854545 3 0 2 0.391647 0.242379 0 4 4 0 3 0 2
0.854545 3 0 3 0.369405 0.273346 0 3 7 0 3 0 2
0.854545 3 2 2 0.379467 0.229007 2 3 1 0 1 0 2
0.854545 3 2 3 0.369513 0.306565 0 3 8 0 2 1 1
0.854545 3 2 2 0.399133 0.199439 0 2 4 0 3 0 2
0.854545 3 2 0 0.036912 0.272871 0 3 1 0 1 0 2
0.854545 3 2 2 0.391304 0.262553 0 3 2 0 3 0 2
0.854545 3 2 0 0.348426 0.262841 0 3 1 0 1 0 1
0.854545 3 2 0 0.397496 0.304877 0 2 4 0 3 0 2
0.854545 3 1 2 0.355628 0.272858 0 3 11 0 5 0 2
0.854545 3 1 1 0.401065 0.199297 0 3 6 0 4 0 2
0.854545 3 1 0 0.392721 0.240015 0 3 1 0 1 0 2
0.854545 3 1 3 0.370689 0.027685 0 3 22 0 5 0 1
0.854545 3 1 2 0.426704 0.022899 0 2 3 1 2 0 2
0.854545 3 0 0 0.392053 0.215796 0 4 3 0 2 0 2
0.854545 3 0 1 0.380722 0.223039 0 3 2 0 3 0 2
0.854545 3 0 2 0.342533 0.250523 2 3 18 0 3 0 2
0.854545 2 2 3 0.359928 0.280249 0 3 2 1 3 0 2
0.854545 2 2 2 0.342595 0.249934 0 3 2 1 3 0 2
0.854545 2 1 1 0.341608 0.249951 1 3 2 0 3 1 2
0.854545 2 1 1 0.349017 0.241639 0 3 4 1 3 0 2
0.854545 2 1 1 0.368654 0.275525 0 3 4 0 3 0 2
0.854545 2 1 0 0.368911 0.027574 0 3 1 0 1 0 2
0.854545 2 1 3 0.375878 0.375603 1 3 2 0 3 0 2
0.854545 2 1 2 0.347634 0.240339 1 3 5 0 3 0 2
0.854545 2 1 2 0.376134 0.207414 0 3 2 0 3 0 2
0.854545 2 1 2 0.341039 0.256548 2 3 7 0 3 0 2
0.854545 2 1 3 0.366036 0.247081 0 3 1 1 1 0 2
0.854545 2 1 2 0.371046 0.276976 0 3 1 1 1 0 2
0.854545 2 1 2 0.037102 0.278426 0 3 1 1 1 0 2
0.854545 2 1 2 0.370369 0.277114 0 3 1 1 1 0 2
0.854545 2 1 1 0.370261 0.278054 0 3 1 1 1 0 2
0.854545 2 1 1 0.370912 0.027582 0 3 1 1 1 0 2
0.854545 2 1 1 0.370155 0.275822 0 3 1 1 1 0 2
0.854545 2 1 0 0.370852 0.027725 0 3 1 0 1 0 2
0.854545 2 1 3 0.370514 0.277004 0 3 13 0 3 0 2
0.854545 2 0 3 0.351183 0.228592 0 3 4 0 3 0 2
0.854545 2 0 3 0.369338 0.276401 0 3 16 0 6 0 2
0.854545 2 0 0 0.385537 0.442475 0 3 4 1 3 0 2
0.854545 2 0 2 0.369645 0.275711 0 4 4 1 3 0 2
0.854545 2 0 0 0.369227 0.275916 0 3 4 0 3 0 2
0.854545 2 0 3 0.369278 0.275462 0 3 1 0 1 0 2
0.854545 2 0 2 0.390204 0.266948 1 3 2 1 3 0 2
0.854545 2 2 3 0.343531 0.024052 0 3 2 1 3 0 2
0.854545 2 2 3 0.341223 0.240406 1 3 2 0 3 0 2
0.854545 2 2 2 0.345158 0.240577 0 4 4 1 3 0 2
0.854545 2 2 2 0.036849 0.027481 0 3 4 1 3 0 2
0.854545 2 2 0 0.036969 0.276533 0 3 4 1 3 0 2
0.854545 2 2 3 0.369598 0.027608 0 3 4 1 3 0 2
0.854545 2 2 3 0.368263 0.273427 0 3 4 0 3 0 2
0.854545 2 2 3 0.368506 0.275922 0 3 1 0 1 0 2
0.854545 2 2 2 0.401102 0.271829 2 3 4 1 3 0 2
0.854545 2 2 2 0.366184 0.267755 0 3 4 1 3 0 2
0.854545 2 2 2 0.369619 0.273424 0 3 4 1 3 0 2
0.854545 2 2 2 0.369405 0.273492 0 4 4 0 3 0 2
0.854545 2 2 0 0.369421 0.273782 0 3 2 0 3 0 2
0.854545 2 2 0 0.349396 0.254521 0 3 4 1 3 0 2
0.854545 2 2 0 0.368336 0.027613 0 3 4 1 3 0 2
0.854545 2 2 3 0.368233 0.02764 0 3 4 1 3 0 2
0.854545 2 2 3 0.368031 0.027345 0 3 4 1 3 0 2
0.854545 2 2 3 0.368561 0.275779 0 3 4 1 3 0 2
0.854545 2 2 3 0.368752 0.275931 0 3 4 1 3 0 2
0.854545 2 2 3 0.368774 0.273823 0 3 4 1 3 0 2
0.854545 2 2 3 0.368457 0.274229 0 3 4 1 3 0 2
0.854545 2 1 3 0.368203 0.276099 0 3 4 1 3 0 2
0.854545 2 1 3 0.369482 0.272653 0 3 4 1 3 0 2
0.854545 2 1 3 0.369197 0.274847 0 3 4 1 3 0 2
0.854545 2 1 3 0.368461 0.027411 0 3 4 0 3 0 2
0.854545 2 1 0 0.369249 0.274135 0 5 3 0 2 0 2
0.854545 2 1 3 0.384591 0.219462 0 3 2 1 3 0 2
0.854545 2 1 3 0.349659 0.253503 0 3 2 1 3 0 2
0.854545 2 1 2 0.350128 0.253652 0 3 2 0 3 0 2
0.854545 2 1 3 0.034925 0.254294 0 4 3 1 2 0 2
0.854545 2 1 3 0.384974 0.220568 0 3 3 0 2 0 2
0.854545 2 1 3 0.384434 0.220398 0 3 11 0 5 0 2
0.854545 2 1 3 0.411769 0.208736 0 3 5 0 3 0 2
0.854545 2 0 3 0.037949 0.020549 1 3 13 0 3 0 2
0.854545 2 0 2 0.353875 0.224834 0 3 11 1 5 0 2
0.854545 2 0 2 0.411453 0.209105 0 3 11 1 5 0 2
0.854545 2 0 3 0.041174 0.208982 0 3 11 1 5 0 2
0.854545 2 0 3 0.411354 0.208281 0 3 11 1 5 0 2
0.854545 2 0 3 0.411637 0.208742 0 3 11 1 5 0 2
0.854545 2 0 2 0.411192 0.208797 0 1 11 0 5 0 2
0.854545 2 0 1 0.411321 0.208727 0 3 2 0 3 0 2
0.854545 2 0 0 0.350915 0.266299 0 3 11 1 5 0 2
0.854545 2 0 3 0.411555 0.209338 0 3 11 1 5 0 1
0.854545 2 0 0 0.411896 0.209651 0 2 11 0 5 1 2
0.854545 2 2 3 0.411119 0.209414 0 3 7 0 3 0 2
0.854545 2 2 2 0.370135 0.214727 2 3 4 0 3 0 2
0.854545 2 2 3 0.366419 0.269973 0 3 3 0 2 0 2
0.854545 2 2 3 0.382556 0.203177 0 3 5 0 3 0 2
0.854545 2 2 0 0.376273 0.209074 0 3 3 1 2 0 2
0.854545 2 2 1 0.03824 0.202576 0 3 3 0 2 0 2
0.854545 2 2 1 0.383536 0.233901 0 3 11 0 5 0 2
0.854545 2 2 3 0.414599 0.198855 0 3 6 0 4 0 2
0.854545 2 2 1 0.388251 0.264665 1 3 2 0 3 0 2
0.854545 2 1 1 0.352917 0.244938 0 3 11 0 5 0 2
0.854545 2 1 0 0.411564 0.020884 0 3 3 1 2 0 2
0.854545 2 1 2 0.380599 0.211517 0 3 3 0 2 0 2
0.854545 2 1 2 0.380084 0.212236 0 3 6 1 4 0 2
0.854545 2 1 2 0.388866 0.264187 0 4 6 1 4 0 2
0.854545 2 1 3 0.387923 0.265164 0 3 6 0 4 0 2
0.854545 2 1 3 0.038891 0.262094 2 3 7 0 3 0 2
0.854545 2 1 0 0.368473 0.229898 0 3 2 0 3 0 2
0.854545 2 1 0 0.347713 0.238781 0 3 6 1 4 0 2
0.854545 2 1 1 0.388707 0.264023 0 3 6 1 4 0 2
0.854545 2 1 1 0.388811 0.263197 0 3 6 0 4 0 2
0.854545 2 0 2 0.389154 0.263713 0 5 2 1 3 0 2
0.854545 2 0 3 0.346081 0.238691 1 3 2 0 3 0 2
0.854545 1 2 0 0.346637 0.238755 0 3 1 1 1 0 2
0.854545 1 2 0 0.387627 0.277811 0 3 1 1 1 1 2
0.854545 1 2 0 0.387516 0.278157 0 3 1 1 1 1 2
0.854545 1 2 0 0.387107 0.277882 0 3 1 1 1 2 2
0.854545 1 2 3 0.387486 0.278369 0 3 1 1 1 3 2
0.854545 1 2 3 0.387772 0.278041 0 3 1 1 1 3 2
0.854545 1 2 3 0.387688 0.277848 0 3 1 1 1 3 2
0.854545 1 2 2 0.387522 0.278315 0 3 1 0 1 0 2
0.854545 1 2 3 0.387729 0.278234 1 4 18 0 3 0 2
0.854545 1 2 0 0.339729 0.282872 0 3 11 0 5 0 2
0.854545 1 1 3 0.415686 0.020192 0 3 18 0 3 0 2
0.854545 1 1 0 0.349464 0.280525 0 3 4 0 3 0 2
0.854545 1 1 0 0.353666 0.275717 0 3 2 0 3 0 2
0.854545 1 1 0 0.350233 0.266283 0 3 10 0 3 0 2
0.854545 1 1 2 0.348494 0.338587 0 3 7 0 3 0 2
0.854545 1 1 1 0.377621 0.221364 0 3 18 0 3 0 2
0.854545 1 1 0 0.355657 0.284209 0 3 4 0 3 0 2
0.854545 1 1 0 0.359739 0.275029 0 3 3 0 2 0 2
0.854545 1 1 3 0.388768 0.219962 0 3 12 0 5 0 2
0.854545 1 1 0 0.041952 0.214976 0 3 1 1 1 0 2
0.854545 1 1 2 0.037838 0.271525 0 3 1 0 1 0 2
0.854545 1 0 2 0.400382 0.407422 0 4 4 0 3 0 2
0.854545 1 0 0 0.352595 0.271674 0 3 12 0 5 0 2
0.854545 1 0 1 0.420232 0.202193 0 3 2 1 3 0 2
0.854545 1 0 3 0.352678 0.268566 0 3 2 0 3 0 2
0.854545 1 0 1 0.353116 0.268555 0 3 3 0 2 0 2
0.854545 1 0 2 0.380222 0.203736 0 3 1 0 1 0 2
0.854545 1 0 0 0.382272 0.429497 0 3 3 0 2 0 2
0.854545 1 2 1 0.381834 0.203958 3 3 4 0 3 0 2
0.854545 1 2 2 0.364951 0.269591 0 3 13 1 3 0 2
0.854545 1 2 1 0.352004 0.213701 0 3 13 0 3 0 2
0.854545 1 2 1 0.353519 0.214233 0 3 7 0 3 0 2
0.854545 1 2 1 0.378213 0.210566 0 3 1 1 1 1 2
0.854545 1 2 1 0.038661 0.276692 0 3 1 1 1 0 2
0.854545 1 1 1 0.387709 0.290638 0 4 1 0 1 0 2
0.854545 1 1 2 0.394456 0.028499 0 3 2 0 3 0 2
0.854545 1 1 1 0.345545 0.252979 2 3 4 0 3 0 2
0.854545 1 1 3 0.361603 0.275021 0 3 13 0 3 0 2
0.854545 1 1 2 0.362791 0.188455 0 3 1 0 1 0 2
0.854545 1 1 3 0.371253 0.286913 0 4 18 0 3 0 2
0.854545 1 0 3 0.338456 0.256442 0 3 1 0 1 1 2
0.854545 1 0 1 0.386393 0.434311 0 3 11 0 5 0 2
0.854545 1 0 2 0.418152 0.199477 0 3 3 0 2 0 2
0.854545 1 0 1 0.385324 0.234408 0 3 2 0 3 0 2
0.854545 1 0 0 0.03516 0.236458 0 3 3 0 2 0 2
0.854545 1 0 3 0.400444 0.236915 0 3 5 0 3 0 2
0.854545 1 0 2 0.370442 0.209218 0 3 3 0 2 0 2
0.854545 1 0 0 0.383848 0.218137 0 3 1 0 1 0 2
0.854545 1 0 3 0.386021 0.275807 0 3 8 0 2 0 2
0.854545 1 2 0 0.039789 0.206552 1 3 2 0 3 0 2
0.854545 1 2 2 0.348963 0.248388 0 3 1 1 1 0 2
0.854545 1 2 3 0.381884 0.310352 0 3 1 0 1 0 2
0.854545 1 2 2 0.382847 0.371456 0 3 8 0 2 0 2
0.854545 1 2 2 0.393786 0.020479 0 3 1 1 1 0 2
0.854545 1 2 0 0.395392 0.261339 0 3 1 0 1 0 2
0.854545 1 2 0 0.400071 0.421876 3 3 7 0 3 0 2
0.854545 1 1 2 0.375969 0.239111 0 3 18 0 3 0 2
0.854545 1 1 1 0.033903 0.251001 0 3 1 0 1 0 2
0.854545 1 1 2 0.385214 0.397883 1 3 10 0 3 0 2
0.854545 1 1 3 0.344692 0.322204 0 3 4 0 3 0 2
0.854545 1 1 3 0.358408 0.276454 0 3 19 0 5 0 2
0.854545 1 1 3 0.424253 0.436174 1 3 13 0 3 0 2
0.854545 1 0 3 0.349181 0.228432 0 3 2 0 3 1 2
0.854545 1 0 0 0.353873 0.258746 0 3 1 1 1 1 2
0.854545 0 2 3 0.375798 0.384402 0 4 1 0 1 0 2
0.854545 0 2 3 0.039521 0.261249 0 3 5 0 3 0 2
0.854545 0 2 1 0.379046 0.201366 0 3 6 0 4 0 2
0.854545 0 2 3 0.396316 0.232441 0 3 2 1 3 0 2
0.854545 0 2 3 0.342439 0.261515 0 3 2 0 3 0 2
0.854545 0 2 3 0.035122 0.023211 0 3 1 0 1 0 2
0.854545 0 2 2 0.037059 0.360706 0 3 13 0 3 0 2
0.854545 0 2 3 0.347503 0.229906 0 3 1 0 1 0 2
0.854545 0 1 3 0.395383 0.261224 0 3 7 0 3 0 2
0.854545 0 1 3 0.378884 0.226323 0 3 1 0 1 0 2
0.854545 0 1 3 0.395439 0.261208 0 3 2 0 3 0 2
0.854545 0 1 1 0.347047 0.249022 0 3 1 0 1 0 2
0.854545 0 0 2 0.396004 0.260884 1 4 2 0 3 0 2
0.854545 0 0 1 0.341978 0.249373 0 3 1 1 1 0 2
0.854545 0 0 0 0.399923 0.042762 0 3 1 1 1 0 2
0.854545 0 0 3 0.395528 0.261999 0 3 1 1 1 0 1
0.854545 0 0 3 0.395417 0.261499 0 2 1 1 1 0 2
0.854545 0 0 3 0.039544 0.261724 0 3 1 1 1 0 2
0.854545 0 0 3 0.395268 0.261476 0 3 1 1 1 0 2
0.854545 0 0 3 0.395276 0.261532 0 3 1 1 1 0 2
0.854545 0 0 3 0.395687 0.261652 0 3 1 0 1 0 2
0.854545 0 0 1 0.395234 0.260797 1 4 3 0 2 0 2
0.854545 0 0 0 0.381643 0.220478 0 3 1 1 1 0 2
0.854545 0 0 0 0.395394 0.261373 0 3 1 1 1 0 2
0.854545 0 0 0 0.395828 0.261023 0 4 1 1 1 0 2
0.854545 0 0 3 0.394891 0.261056 0 3 1 1 1 0 2
0.854545 0 0 0 0.395961 0.260745 1 4 1 0 1 0 2
0.854545 0 0 3 0.361973 0.311277 0 3 11 0 5 0 2
0.854545 0 2 1 0.406531 0.196669 0 3 7 0 3 0 2
0.854545 0 2 3 0.363114 0.220023 0 3 3 0 2 0 2
0.854545 0 2 2 0.386758 0.205125 0 3 4 0 3 0 2
0.854545 0 2 2 0.360062 0.287487 0 3 11 0 5 0 2
0.854545 0 2 2 0.040833 0.198641 1 3 2 0 3 0 2
0.854545 0 2 3 0.353583 0.264196 0 4 4 0 3 0 2
0.854545 0 2 0 0.367732 0.276576 1 3 2 1 3 0 2
0.854545 0 1 1 0.355007 0.240086 0 1 15 0 7 0 2
0.854545 0 1 3 0.417501 0.429465 0 3 2 0 3 0 2
0.854545 0 1 0 0.347904 0.238117 0 3 1 0 1 0 2
0.854545 0 1 3 0.395607 0.261037 0 3 2 0 3 0 2
0.854545 0 1 3 0.351161 0.231649 0 3 1 0 1 0 2
0.854545 0 1 3 0.395671 0.026131 2 3 10 0 3 0 2
0.854545 0 1 2 0.355523 0.323981 0 3 13 0 3 0 2
0.854545 0 0 1 0.344459 0.225051 0 3 3 1 2 0 2
0.854545 0 0 0 0.382946 0.217512 0 3 3 0 2 0 2
0.854545 0 0 1 0.383485 0.217456 2 3 4 0 3 0 2
0.854545 0 0 3 0.364237 0.267928 0 3 22 0 5 0 2
0.854545 0 0 1 0.431472 0.258179 0 3 7 0 3 0 2
0.854545 0 0 1 0.362225 0.219099 0 3 18 0 3 0 2
0.854545 0 2 2 0.411914 0.228707 0 3 1 0 1 0 2
0.854545 0 2 0 0.405104 0.278564 0 3 3 1 2 0 2
0.854545 0 2 3 0.382434 0.228609 0 3 3 0 2 0 2
0.854545 0 2 0 0.386969 0.020472 0 3 6 0 4 0 2
0.854545 0 2 2 0.385966 0.267196 1 3 18 0 3 0 2
0.854545 0 1 0 0.352868 0.308569 0 3 2 1 3 0 2
0.854545 0 1 2 0.346844 0.234476 0 3 2 1 3 0 2
0.854545 0 1 0 0.342398 0.264245 1 3 2 0 3 0 2
0.854545 0 1 2 0.349784 0.237561 1 3 4 0 3 0 2
0.854545 0 0 2 0.363356 0.287874 0 3 7 0 3 0 2
0.854545 0 0 0 0.037963 0.214163 0 3 4 0 3 0 2
0.854545 0 0 0 0.363064 0.276205 0 3 2 0 3 0 2
0.854545 3 2 2 0.346911 0.243044 0 3 10 0 3 0 2
0.872727 1 2 2 0.367397 0.023733 1 3 4 0 3 0 2
0.872727 1 2 0 0.357679 0.279076 0 3 5 0 3 0 2
0.872727 1 2 3 0.374276 0.205632 0 3 1 0 1 0 2
0.872727 1 2 0 0.375963 0.385142 0 4 5 0 3 0 2
0.872727 1 2 3 0.374787 0.205361 0 3 6 1 4 0 2
0.872727 1 2 3 0.399205 0.237829 0 3 6 0 4 0 2
0.872727 1 1 1 0.039973 0.02365 0 3 2 0 3 0 2
0.872727 1 1 1 0.355129 0.233656 0 3 1 1 1 0 2
0.872727 1 1 2 0.370993 0.319276 0 3 1 1 1 0 2
0.872727 1 1 2 0.370898 0.319643 0 3 1 0 1 0 2
0.872727 1 0 2 0.371391 0.319406 1 3 2 0 3 0 2
0.872727 1 0 2 0.349293 0.233427 0 3 4 0 3 0 2
0.872727 1 0 1 0.366591 0.261356 0 3 11 0 5 0 2
0.872727 1 0 0 0.402615 0.194481 0 3 6 0 4 0 2
0.872727 1 0 1 0.405781 0.241806 1 3 8 0 2 0 2
0.872727 1 0 1 0.392221 0.199557 0 3 5 0 3 0 2
0.872727 1 0 3 0.379004 0.020529 0 3 1 0 1 0 2
0.872727 1 0 0 0.408428 0.031631 0 3 4 0 3 0 2
0.872727 1 0 1 0.036444 0.253884 0 3 2 1 3 0 2
0.872727 1 0 0 0.346375 0.245528 0 3 2 0 3 0 2
0.872727 1 2 2 0.354344 0.265111 0 3 2 0 3 0 2
0.872727 1 2 0 0.348235 0.245604 0 3 18 0 3 0 2
0.872727 1 2 1 0.339888 0.260115 0 3 5 0 3 0 2
0.872727 1 2 0 0.378745 0.203067 0 3 8 0 2 0 2
0.872727 1 2 3 0.391854 0.206489 1 3 4 1 3 0 2
0.872727 1 2 2 0.350553 0.277978 0 3 4 0 3 0 2
0.872727 1 1 0 0.350366 0.277413 0 3 5 0 3 0 2
0.872727 1 1 1 0.374332 0.208154 0 3 2 1 3 0 2
0.872727 1 1 0 0.345102 0.236177 0 3 2 0 3 0 2
0.872727 1 0 3 0.345448 0.023591 0 3 1 0 1 0 2
0.872727 1 0 0 0.390277 0.403055 0 3 13 0 3 0 2
0.872727 1 0 3 0.352794 0.221813 0 3 2 0 3 0 2
0.872727 1 0 0 0.342564 0.024966 0 3 1 0 1 0 2
0.872727 0 2 3 0.040001 0.400779 1 3 13 0 3 0 2
0.872727 0 2 2 0.355214 0.224355 0 3 11 0 5 0 2
0.872727 0 2 2 0.417352 0.196839 0 3 6 0 4 0 2
0.872727 0 2 0 0.385744 0.255872 0 3 7 0 3 0 2
0.872727 0 2 3 0.362537 0.220675 0 3 2 0 3 0 2
0.872727 0 2 3 0.034121 0.261103 0 3 9 0 2 0 1
0.872727 0 2 0 0.041943 0.248117 0 2 3 0 2 0 2
0.872727 0 2 0 0.381756 0.215924 0 3 2 0 3 0 2
0.872727 0 2 3 0.342632 0.249864 0 3 5 0 3 0 2
0.872727 0 2 3 0.378538 0.203633 0 4 22 0 5 0 2
0.872727 0 1 3 0.420486 0.248575 0 3 6 0 4 0 2
0.872727 0 1 0 0.393193 0.238622 0 3 8 0 2 0 2
0.872727 0 1 0 0.404115 0.206193 0 3 2 0 3 0 2
0.872727 0 1 2 0.341516 0.262688 2 3 4 0 3 0 2
0.872727 0 1 2 0.363113 0.250351 0 3 2 0 3 0 2
0.872727 0 1 0 0.347172 0.253894 0 3 8 0 2 0 1
0.872727 0 1 2 0.039546 0.205468 0 2 2 0 3 0 2
0.872727 0 1 1 0.034814 0.257992 0 3 12 1 5 0 2
0.872727 0 2 0 0.426112 0.019922 0 3 12 0 5 0 1
0.872727 0 2 3 0.420788 0.191851 0 2 8 0 2 0 2
0.872727 0 2 1 0.397813 0.206075 0 3 7 0 3 0 2
0.872727 0 2 3 0.372353 0.237756 2 3 2 1 3 0 2
0.872727 0 2 3 0.357345 0.023999 0 3 2 0 3 0 2
0.872727 0 1 2 0.351069 0.231995 1 3 18 0 3 0 2
0.872727 0 1 1 0.359197 0.300056 0 3 1 0 1 0 2
0.872727 0 1 0 0.381445 0.388277 2 3 7 0 3 0 2
0.872727 0 1 3 0.037613 0.238141 0 3 2 0 3 0 2
0.872727 0 1 2 0.349868 0.026972 0 3 3 0 2 0 2
0.872727 0 1 2 0.381909 0.239373 0 3 7 0 3 0 2
0.872727 0 1 3 0.378299 0.220354 0 3 4 0 3 0 2
0.872727 0 1 2 0.369303 0.275716 1 3 2 1 3 0 2
0.872727 0 1 2 0.346724 0.233599 0 3 2 0 3 0 2
0.872727 0 0 2 0.340742 0.02511 0 3 5 0 3 0 2
0.872727 0 0 0 0.371718 0.202119 0 3 1 0 1 0 2
0.872727 0 0 0 0.370711 0.286545 0 3 12 0 5 0 2
0.872727 0 0 3 0.426583 0.198827 0 3 3 0 2 0 2
0.872727 0 0 3 0.380394 0.203042 0 3 2 0 3 0 2
0.872727 0 0 2 0.346628 0.250184 0 3 12 1 5 0 2
0.872727 0 0 0 0.412379 0.228079 0 3 12 1 5 0 2
0.872727 0 0 3 0.412695 0.228452 0 4 12 1 5 0 2
0.872727 0 0 3 0.411878 0.228614 0 3 12 0 5 0 2
0.872727 0 2 0 0.370529 0.206773 0 3 8 0 2 0 2
0.872727 0 2 1 0.039206 0.209219 0 3 4 0 3 0 2
0.872727 0 2 3 0.358374 0.273233 0 3 5 0 3 0 2
0.872727 0 2 1 0.037579 0.207831 0 3 1 0 1 0 2
0.872727 0 2 1 0.395763 0.385869 0 3 5 1 3 0 2
0.872727 0 2 0 0.373638 0.207954 0 3 5 1 3 0 2
0.872727 0 2 3 0.037315 0.208264 0 3 5 0 3 0 2
0.872727 0 2 3 0.373593 0.208254 0 3 2 0 3 0 2
0.872727 0 2 2 0.035419 0.264649 0 3 5 0 3 0 2
0.872727 0 2 0 0.373905 0.207871 1 3 18 0 3 0 2
0.872727 0 1 0 0.359775 0.306983 0 3 1 0 1 0 2
0.872727 0 1 0 0.406063 0.289761 1 3 7 1 3 0 2
0.872727 0 1 2 0.362285 0.228406 1 3 7 0 3 0 2
0.872727 0 1 3 0.367265 0.215921 0 3 10 0 3 0 1
0.872727 0 1 0 0.346612 0.330233 0 2 6 0 4 0 2
0.872727 0 1 3 0.396282 0.242757 0 3 10 0 3 0 1
0.872727 0 1 2 0.346804 0.330913 0 2 14 0 6 0 1
0.872727 0 1 0 0.345375 0.356238 0 2 5 0 3 0 2
0.872727 0 0 2 0.375312 0.206629 0 3 2 1 3 0 2
0.872727 0 0 0 0.341563 0.260813 0 3 2 0 3 0 2
0.872727 0 0 3 0.341819 0.261152 1 3 10 0 3 0 1
0.872727 0 0 3 0.352743 0.331567 0 2 5 1 3 0 2
0.872727 0 0 3 0.375951 0.204799 0 3 5 0 3 0 2
0.872727 0 0 3 0.374332 0.203331 0 3 2 0 3 0 2
0.872727 0 0 3 0.341387 0.261414 0 3 5 1 3 0 2
0.872727 0 0 3 0.376252 0.203017 0 3 5 0 3 0 2
0.872727 0 0 0 0.375858 0.205253 0 3 8 0 2 0 2
0.872727 3 2 3 0.404488 0.200111 0 3 3 0 2 0 2
0.872727 3 2 2 0.404679 0.216069 0 3 2 0 3 0 2
0.872727 3 2 3 0.340683 0.260671 0 3 1 0 1 0 2
0.872727 3 2 3 0.040595 0.028955 1 3 7 0 3 0 2
0.872727 3 2 2 0.370767 0.232974 0 3 5 1 3 0 2
0.872727 3 2 2 0.375215 0.203621 0 3 5 0 3 0 2
0.872727 3 2 2 0.376287 0.203966 1 3 2 0 3 0 1
0.872727 3 2 3 0.347289 0.235061 0 2 5 0 3 0 2
0.872727 3 2 3 0.376804 0.203931 0 3 4 1 3 0 2
0.872727 3 2 3 0.365252 0.257136 0 3 4 1 3 0 2
0.872727 3 2 3 0.365662 0.257213 0 3 4 0 3 0 2
0.872727 3 2 2 0.036603 0.257462 0 3 3 0 2 0 2
0.872727 3 2 1 0.382319 0.234036 0 3 12 0 5 0 2
0.872727 3 2 3 0.425234 0.186128 0 3 18 0 3 0 2
0.872727 3 2 3 0.357473 0.284452 0 3 5 0 3 0 2
0.872727 3 2 2 0.374584 0.203792 0 3 7 0 3 0 2
0.872727 3 2 2 0.365023 0.211253 0 3 5 1 3 0 2
0.872727 3 2 0 0.374043 0.204635 0 3 5 0 3 0 2
0.872727 3 2 0 0.372289 0.205556 0 3 1 0 1 0 2
0.872727 3 1 3 0.372629 0.424171 0 3 5 1 3 0 2
0.872727 3 1 2 0.373591 0.207309 0 3 5 1 3 0 2
0.872727 3 1 1 0.371323 0.207678 0 3 5 1 3 0 2
0.872727 3 1 0 0.037282 0.206169 0 4 5 0 3 0 2
0.872727 3 1 0 0.374672 0.206645 0 3 3 0 2 0 2
0.872727 3 1 0 0.406059 0.223813 0 3 5 1 3 0 2
0.872727 3 1 0 0.375163 0.202815 0 3 5 1 3 0 2
0.872727 3 1 0 0.374366 0.205166 0 3 5 1 3 0 2
0.872727 3 1 3 0.377327 0.208552 0 3 5 0 3 0 2
0.872727 3 1 2 0.374119 0.205155 0 3 7 0 3 0 2
0.872727 3 1 1 0.374906 0.216694 0 3 5 1 3 0 2
0.872727 3 1 2 0.372028 0.207095 0 3 5 1 3 0 2
0.872727 3 1 0 0.375256 0.203584 0 3 5 1 3 0 2
0.872727 3 1 0 0.376488 0.204715 0 3 5 1 3 0 2
0.872727 3 1 0 0.374762 0.207088 0 3 5 0 3 0 2
0.872727 3 1 0 0.376168 0.207309 0 3 7 0 3 0 2
0.872727 3 1 3 0.360521 0.021305 0 3 5 1 3 0 2
0.872727 3 1 3 0.374163 0.205004 0 3 5 1 3 0 2
0.872727 3 1 1 0.372178 0.206201 0 3 5 1 3 0 2
0.872727 3 1 3 0.374769 0.203739 0 3 5 0 3 0 2
0.872727 3 1 1 0.376567 0.203005 0 3 11 0 5 0 2
0.872727 3 1 0 0.419726 0.192956 0 3 5 1 3 0 2
0.872727 3 1 3 0.375193 0.207586 0 3 5 0 3 0 2
0.872727 3 1 0 0.372479 0.204219 1 3 2 0 3 0 2
0.872727 3 1 0 0.350188 0.263555 0 3 5 1 3 0 2
0.872727 3 1 0 0.373507 0.205669 0 3 5 1 3 0 2
0.872727 3 1 3 0.374135 0.205744 0 3 5 1 3 0 2
0.872727 3 1 3 0.375223 0.020356 0 3 5 1 3 0 2
0.872727 3 1 3 0.377512 0.205139 0 3 5 1 3 0 2
0.872727 3 1 2 0.376127 0.204023 0 3 5 0 3 0 2
0.872727 3 1 0 0.375645 0.203867 0 3 5 1 3 0 2
0.872727 3 0 3 0.372799 0.203985 0 3 5 1 3 0 2
0.872727 3 0 3 0.374974 0.203976 0 3 5 0 3 0 2
0.872727 3 0 3 0.375613 0.204555 0 3 7 0 3 0 2
0.872727 3 0 3 0.366453 0.021337 0 3 5 1 3 0 2
0.872727 3 0 2 0.373169 0.204166 0 3 5 1 3 0 2
0.872727 3 0 2 0.373669 0.020372 0 3 5 1 3 0 2
0.872727 3 0 2 0.037312 0.205603 0 3 5 1 3 0 2
0.872727 3 0 0 0.375554 0.203253 0 3 5 1 3 0 2
0.872727 3 0 3 0.374388 0.201543 0 3 5 1 3 0 2
0.872727 3 0 3 0.377671 0.203915 0 3 5 0 3 0 2
0.872727 3 0 0 0.373604 0.204394 0 3 6 0 4 0 2
0.872727 3 0 2 0.387273 0.265341 0 3 5 0 3 0 2
0.872727 3 0 3 0.373836 0.205601 0 3 19 0 5 0 2
0.872727 3 0 2 0.425172 0.436048 0 3 5 1 3 0 2
0.872727 3 0 2 0.376302 0.201697 0 3 5 1 3 0 2
0.872727 3 0 1 0.371893 0.206762 0 3 5 1 3 0 2
0.872727 3 0 1 0.372982 0.205361 0 3 5 1 3 0 2
0.872727 3 0 1 0.372374 0.205296 0 3 5 1 3 0 2
0.872727 3 0 1 0.372244 0.205326 0 3 5 1 3 0 2
0.872727 3 0 0 0.373194 0.208328 0 3 5 1 3 1 2
0.872727 3 0 0 0.375219 0.206276 0 3 5 1 3 1 2
0.872727 3 0 3 0.377202 0.020454 0 3 5 1 3 2 2
0.872727 3 0 2 0.374144 0.206428 0 3 5 0 3 0 2
0.872727 3 0 1 0.375722 0.020474 1 3 7 0 3 0 2
0.872727 3 0 3 0.364243 0.021569 0 3 5 1 3 0 2
0.872727 3 0 3 0.375332 0.205951 0 3 5 1 3 0 2
0.872727 3 0 0 0.372147 0.206999 0 3 5 1 3 0 2
0.872727 3 0 3 0.037515 0.202575 0 3 5 1 3 0 2
0.872727 3 0 0 0.371922 0.205976 0 3 5 1 3 0 2
0.872727 3 0 3 0.375903 0.203444 0 3 5 1 3 0 2
0.872727 3 0 3 0.037351 0.205767 0 3 5 1 3 0 2
0.872727 3 0 3 0.375577 0.020312 0 3 5 1 3 0 2
0.872727 3 0 0 0.371441 0.205555 0 3 5 1 3 0 2
0.872727 3 0 3 0.371579 0.206075 0 3 5 1 3 0 2
0.872727 3 0 3 0.375972 0.204306 0 3 5 0 3 0 2
0.872727 3 0 3 0.374141 0.205509 0 3 8 0 2 0 2
0.872727 3 2 2 0.399218 0.202665 0 3 5 1 3 0 2
0.872727 3 2 2 0.375723 0.204345 0 3 5 1 3 0 2
0.872727 3 2 2 0.374121 0.203786 0 3 5 1 3 0 2
0.872727 3 2 0 0.374082 0.204907 0 3 5 1 3 0 2
0.872727 3 2 0 0.374659 0.205753 0 3 5 1 3 0 2
0.872727 3 2 3 0.374459 0.208753 0 3 5 1 3 0 2
0.872727 3 2 2 0.373347 0.204786 0 3 5 1 3 0 2
0.872727 3 2 2 0.374538 0.204772 0 3 5 1 3 0 2
0.872727 3 2 2 0.374052 0.205059 0 3 5 1 3 0 2
0.872727 3 2 2 0.375112 0.206109 0 3 5 1 3 0 2
0.872727 3 2 2 0.374862 0.205513 0 3 5 1 3 0 2
0.872727 3 2 1 0.375124 0.205076 0 4 5 1 3 0 2
0.872727 3 2 1 0.372816 0.204141 0 3 5 1 3 0 2
0.872727 3 2 1 0.376008 0.205222 0 3 5 1 3 0 2
0.872727 3 2 0 0.375661 0.205185 0 3 5 1 3 0 2
0.872727 3 2 0 0.374788 0.204563 0 3 5 1 3 0 2
0.872727 3 2 3 0.377537 0.204735 0 3 5 1 3 0 2
0.872727 3 2 3 0.375705 0.202961 0 3 5 0 3 0 2
0.872727 3 2 3 0.037531 0.204402 0 4 4 0 3 0 2
0.872727 3 2 3 0.362621 0.288725 0 3 5 1 3 0 2
0.872727 3 2 2 0.373595 0.206068 0 3 5 1 3 0 2
0.872727 3 2 2 0.373797 0.207869 0 3 5 1 3 0 2
0.872727 3 2 2 0.378114 0.204291 0 3 5 1 3 0 2
0.872727 3 2 1 0.373137 0.205177 0 3 5 0 3 0 2
0.872727 3 2 1 0.373949 0.020876 0 3 10 0 3 0 2
0.872727 3 2 0 0.03448 0.335098 0 3 5 1 3 0 2
0.872727 3 2 0 0.374217 0.203897 0 3 5 0 3 0 2
0.872727 3 2 0 0.375707 0.205185 0 3 4 0 3 0 2
0.872727 3 2 2 0.363478 0.287803 0 3 7 0 3 0 2
0.872727 3 2 2 0.037237 0.210696 0 3 5 1 3 0 2
0.872727 3 2 1 0.373924 0.205621 0 3 5 1 3 0 2
0.872727 3 2 1 0.378256 0.204692 0 3 5 0 3 0 2
0.872727 3 2 0 0.374669 0.205263 0 3 13 0 3 0 2
0.872727 3 2 0 0.358212 0.217103 0 3 15 0 7 0 2
0.872727 3 2 0 0.419174 0.434961 0 3 5 1 3 0 2
0.872727 3 2 3 0.373222 0.204931 0 3 5 1 3 0 2
0.872727 3 2 3 0.374751 0.203538 0 3 5 1 3 0 2
0.872727 3 2 3 0.373306 0.207085 0 3 5 1 3 0 2
0.872727 3 2 2 0.375073 0.204522 0 3 5 1 3 0 2
0.872727 3 2 2 0.037517 0.204499 0 3 5 1 3 0 2
0.872727 3 2 1 0.375847 0.020728 0 3 5 1 3 0 2
0.872727 3 2 0 0.373049 0.205933 0 3 5 1 3 0 2
0.872727 3 2 0 0.372921 0.205582 0 3 5 1 3 0 2
0.872727 3 2 0 0.373876 0.206432 0 3 5 1 3 0 2
0.872727 3 2 0 0.374361 0.205536 0 3 5 0 3 0 2
0.872727 3 2 3 0.374858 0.206615 0 3 2 0 3 0 2
0.872727 3 2 3 0.353918 0.230196 0 3 5 1 3 0 2
0.872727 3 2 3 0.375257 0.206726 0 3 5 1 3 0 2
0.872727 3 2 3 0.374047 0.020879 0 3 5 1 3 0 2
0.872727 3 2 3 0.374964 0.205827 0 3 5 1 3 0 2
0.872727 3 2 3 0.372297 0.206023 0 3 5 1 3 0 2
0.872727 3 2 2 0.371753 0.205987 0 3 5 1 3 0 2
0.872727 3 2 2 0.375439 0.02038 0 3 5 1 3 0 2
0.872727 3 2 2 0.374248 0.205794 0 3 5 1 3 0 2
0.872727 3 2 2 0.371863 0.205808 0 3 5 0 3 0 2
0.872727 3 2 2 0.372719 0.206038 1 3 1 0 1 0 2
0.872727 3 2 2 0.360561 0.311442 0 3 5 1 3 0 2
0.872727 3 2 2 0.374603 0.206739 0 3 5 1 3 0 2
0.872727 3 2 2 0.373895 0.206941 0 3 5 1 3 0 2
0.872727 3 2 1 0.374603 0.205648 0 3 5 1 3 0 2
0.872727 3 2 1 0.373466 0.205459 0 3 5 1 3 0 2
0.872727 3 2 1 0.037523 0.205597 0 4 5 0 3 0 2
0.872727 3 2 1 0.03751 0.204897 0 3 3 0 2 0 2
0.872727 3 2 0 0.389707 0.224723 0 3 5 1 3 0 2
0.872727 3 2 0 0.376397 0.209914 0 3 5 1 3 0 2
0.872727 3 2 0 0.037599 0.203154 0 3 5 1 3 0 2
0.872727 3 2 0 0.373353 0.205656 0 3 5 1 3 0 2
0.872727 3 2 0 0.037404 0.204979 0 3 5 1 3 0 2
0.872727 3 2 0 0.373766 0.205577 0 3 5 1 3 0 2
0.872727 3 2 0 0.374902 0.207992 0 3 5 1 3 0 2
0.872727 3 2 0 0.375965 0.207841 0 3 5 1 3 0 2
0.872727 3 2 0 0.374745 0.205931 0 3 5 1 3 0 2
0.872727 3 2 0 0.374013 0.208508 0 3 5 1 3 0 2
0.872727 3 2 0 0.374805 0.204524 0 3 5 1 3 0 2
0.872727 3 2 0 0.037212 0.205243 0 3 5 1 3 0 2
0.872727 3 2 0 0.374502 0.205955 0 3 5 1 3 0 2
0.872727 3 2 0 0.037489 0.206009 0 4 5 1 3 0 2
0.872727 3 2 3 0.373944 0.207602 0 3 5 1 3 0 2
0.872727 3 2 3 0.374468 0.206759 0 3 5 1 3 0 2
0.872727 3 2 3 0.372826 0.206045 0 3 5 1 3 0 2
0.872727 3 2 3 0.037352 0.206545 0 3 5 1 3 0 2
0.872727 3 2 3 0.037303 0.205913 0 3 5 1 3 0 2
0.872727 3 2 3 0.372459 0.207923 0 3 5 1 3 0 2
0.872727 3 2 3 0.374252 0.208335 0 4 5 1 3 0 2
0.872727 3 2 3 0.037428 0.203496 0 3 5 1 3 0 2
0.872727 3 2 3 0.377243 0.203475 0 4 5 1 3 0 2
0.872727 3 2 3 0.375251 0.208454 0 3 5 1 3 0 2
0.872727 3 2 3 0.375155 0.205743 0 3 5 1 3 0 2
0.872727 3 2 3 0.374787 0.020603 0 3 5 1 3 0 2
0.872727 3 2 3 0.376375 0.206329 0 3 5 1 3 0 2
0.872727 3 2 3 0.374078 0.206536 0 3 5 1 3 0 2
0.872727 3 2 3 0.375394 0.205293 0 3 5 1 3 0 2
0.872727 3 2 3 0.037485 0.204886 0 3 5 1 3 0 2
0.872727 3 2 3 0.372426 0.206146 0 4 5 1 3 0 2
0.872727 3 2 3 0.375148 0.205635 0 5 5 0 3 0 2
0.872727 3 2 3 0.374501 0.205853 0 4 4 0 3 0 2
0.872727 3 2 3 0.363268 0.287927 1 3 7 1 3 0 2
0.872727 3 1 3 0.379307 0.212609 0 3 7 0 3 0 2
0.872727 3 1 3 0.360878 0.216623 0 3 5 0 3 0 2
0.872727 3 1 2 0.037398 0.020633 0 3 18 0 3 0 2
0.872727 3 1 0 0.346637 0.284468 0 3 3 0 2 0 2
0.872727 3 1 2 0.040549 0.234465 0 3 7 1 3 0 2
0.872727 3 1 3 0.367042 0.214368 0 3 7 0 3 0 2
0.872727 3 0 0 0.368614 0.212673 0 3 1 0 1 0 2
0.872727 3 0 3 0.373958 0.358992 0 3 13 0 3 0 2
0.872727 3 0 3 0.347928 0.194261 1 3 2 0 3 0 2
0.872727 3 0 2 0.03466 0.253573 0 3 1 0 1 0 2
0.872727 3 2 1 0.376699 0.373967 2 3 2 0 3 0 2
0.872727 3 2 3 0.350695 0.262618 2 3 1 0 1 0 2
0.872727 3 2 0 0.370585 0.305049 0 3 7 0 3 0 2
0.872727 3 2 3 0.367747 0.213897 1 4 2 1 3 0 2
0.872727 3 1 0 0.353997 0.265057 0 3 2 1 3 0 2
0.872727 3 1 0 0.346418 0.245011 0 3 2 0 3 0 2
0.872727 3 1 3 0.034609 0.024533 0 3 3 0 2 0 2
0.872727 3 1 3 0.381703 0.021568 0 3 2 0 3 0 2
0.872727 3 1 2 0.034477 0.264844 0 3 4 0 3 0 2
0.872727 3 1 0 0.363469 0.288658 1 3 1 1 1 0 2
0.872727 3 0 3 0.361275 0.310886 2 4 1 0 1 0 2
0.872727 3 0 2 0.372304 0.306131 0 4 4 1 3 1 2
0.872727 3 0 2 0.369155 0.277168 0 3 4 0 3 0 2
0.872727 3 0 0 0.364381 0.288703 0 3 8 0 2 0 2
0.872727 3 0 3 0.396805 0.204137 0 3 6 1 4 0 1
0.872727 3 0 3 0.388585 0.264139 0 2 6 0 4 0 2
0.872727 3 0 3 0.388844 0.263833 1 3 18 0 3 0 2
0.872727 3 0 2 0.352823 0.285377 0 3 2 0 3 0 2
0.872727 2 2 0 0.350679 0.259457 0 3 3 1 2 0 2
0.872727 2 2 0 0.392664 0.216774 0 3 3 1 2 0 2
0.872727 2 2 0 0.393253 0.216857 0 4 3 0 2 0 2
0.872727 2 1 2 0.382945 0.218053 0 3 1 0 1 0 2
0.872727 2 1 0 0.372897 0.036364 2 4 4 0 3 0 2
0.872727 2 1 3 0.362423 0.257788 1 3 3 0 2 0 2
0.872727 2 1 3 0.384021 0.218029 1 3 2 0 3 0 2
0.872727 2 1 0 0.034351 0.244722 3 3 4 0 3 0 2
0.872727 2 1 1 0.366071 0.271322 1 3 1 0 1 0 2
0.872727 2 1 2 0.360311 0.313453 0 3 11 0 5 0 2
0.872727 2 0 0 0.415872 0.201017 1 4 10 0 3 0 2
0.872727 2 0 0 0.353398 0.313745 0 3 1 0 1 0 2
0.872727 2 0 1 0.374194 0.363668 0 3 9 0 2 0 2
0.872727 2 0 0 0.416761 0.235837 0 3 7 0 3 0 2
0.872727 2 2 1 0.368632 0.021395 0 3 1 0 1 0 2
0.872727 2 2 1 0.370034 0.360799 1 3 3 0 2 0 2
0.872727 2 2 0 0.038272 0.216043 0 3 7 1 3 0 2
0.872727 2 2 0 0.367323 0.212829 0 3 7 0 3 0 2
0.872727 2 2 0 0.036804 0.277957 0 1 4 0 3 0 2
0.872727 2 2 3 0.375928 0.266904 0 3 1 0 1 0 2
0.872727 2 2 0 0.381775 0.239628 0 1 24 0 6 0 2
0.872727 2 1 0 0.381932 0.239655 0 1 8 0 2 0 2
0.872727 2 1 1 0.398006 0.206707 0 3 11 0 5 0 2
0.872727 2 1 1 0.410374 0.195735 3 3 4 0 3 0 2
0.872727 2 1 0 0.366069 0.269769 0 3 7 0 3 0 2
0.872727 2 1 1 0.376916 0.218369 0 3 2 0 3 0 2
0.872727 2 1 2 0.350255 0.025964 0 3 6 0 4 0 1
0.872727 2 0 3 0.386814 0.264476 0 2 12 0 5 0 1
0.872727 2 0 3 0.423703 0.189304 2 2 3 0 2 0 2
0.872727 2 0 2 0.382994 0.022727 1 3 13 0 3 0 2
0.872727 2 0 2 0.354599 0.229403 0 3 18 0 3 0 2
0.872727 2 0 1 0.356006 0.282543 0 3 4 0 3 0 2
0.872727 2 0 3 0.355768 0.278967 1 3 7 0 3 0 2
0.872727 2 0 3 0.366795 0.214392 0 3 11 0 5 0 2
0.872727 2 0 3 0.041461 0.194763 0 3 3 0 2 0 2
0.872727 2 0 3 0.380092 0.212637 0 3 11 1 5 0 1
0.872727 2 0 3 0.414846 0.195041 0 2 11 1 5 0 2
0.872727 2 0 1 0.414766 0.195133 0 3 11 1 5 0 1
0.872727 2 0 0 0.414291 0.194439 0 2 11 1 5 0 2
0.872727 2 0 0 0.414267 0.195149 0 3 11 1 5 0 2
0.872727 2 0 0 0.414659 0.194906 0 3 11 0 5 0 2
0.872727 2 0 3 0.414441 0.195714 0 4 1 0 1 0 2
0.872727 2 2 3 0.037108 0.282683 0 3 7 0 3 0 2
0.872727 2 2 0 0.366802 0.214336 0 3 19 0 5 0 2
0.872727 2 2 3 0.423346 0.042791 0 3 6 0 4 0 2
0.872727 2 2 2 0.387942 0.263935 1 3 2 0 3 0 2
0.872727 2 2 0 0.350912 0.023169 0 3 3 0 2 0 2
0.872727 2 2 0 0.406453 0.233164 0 3 7 1 3 0 2
0.872727 2 2 3 0.367789 0.214071 0 4 7 0 3 0 2
0.872727 2 2 3 0.374597 0.218523 0 3 16 0 6 0 2
0.872727 2 1 2 0.385975 0.443647 0 3 1 0 1 0 2
0.872727 2 1 3 0.388177 0.436048 0 3 11 0 5 0 2
0.872727 2 1 0 0.403231 0.196405 0 3 2 0 3 0 2
0.872727 2 1 1 0.348634 0.248306 0 3 6 0 4 0 2
0.872727 2 0 2 0.039322 0.248611 0 3 1 0 1 0 2
0.872727 2 0 3 0.364087 0.291954 0 3 4 0 3 0 2
0.872727 2 0 2 0.368397 0.275536 0 3 7 0 3 0 2
0.872727 2 0 0 0.362424 0.227431 0 3 2 0 3 0 2
0.872727 2 0 1 0.408952 0.442519 0 1 15 0 7 0 2
0.872727 2 0 0 0.408791 0.442916 0 3 7 0 3 0 2
0.872727 1 2 0 0.365797 0.225932 0 3 6 0 4 0 2
0.872727 1 2 0 0.395868 0.259765 0 3 11 0 5 0 1
0.872727 1 2 3 0.403229 0.197262 0 2 2 1 3 0 2
0.872727 1 2 3 0.343306 0.249874 1 3 2 0 3 0 2
0.872727 1 2 3 0.343976 0.249668 0 3 1 0 1 0 2
0.872727 1 2 1 0.382307 0.423432 0 3 2 0 3 0 2
0.872727 1 1 2 0.349363 0.266535 0 3 11 0 5 0 2
0.872727 1 1 0 0.403208 0.197762 0 3 1 0 1 0 2
0.872727 1 1 3 0.406785 0.354994 0 3 7 1 3 0 2
0.872727 1 1 3 0.364686 0.022864 0 3 7 0 3 0 2
0.872727 1 1 0 0.365121 0.229324 0 4 11 0 5 0 2
0.872727 1 0 2 0.403087 0.196738 0 3 1 1 1 1 2
0.872727 1 0 3 0.399104 0.433244 0 3 1 0 1 0 2
0.872727 1 0 3 0.400364 0.268817 1 3 18 0 3 0 2
0.872727 1 0 0 0.358114 0.283691 1 3 2 1 3 0 2
0.872727 1 0 3 0.347194 0.242148 0 3 2 0 3 0 2
0.872727 1 0 2 0.351647 0.230364 0 3 3 0 2 0 2
0.872727 1 0 1 0.382089 0.238499 0 3 1 0 1 0 2
0.872727 1 0 0 0.03873 0.027771 0 3 4 0 3 0 2
0.872727 1 2 0 0.368409 0.275463 0 3 1 0 1 0 2
0.872727 1 2 0 0.377782 0.294086 2 3 7 0 3 0 2
0.890909 0 0 1 0.415511 0.019487 0 3 2 1 3 0 2
0.890909 0 0 1 0.349338 0.237776 0 3 2 1 3 0 2
0.890909 0 0 0 0.351237 0.238629 0 3 2 1 3 0 2
0.890909 0 0 0 0.349037 0.237024 0 3 2 0 3 0 2
0.890909 0 0 0 0.351067 0.238794 1 3 7 0 3 0 2
0.890909 0 0 2 0.361342 0.218561 1 3 2 0 3 0 2
0.890909 0 0 0 0.344077 0.239761 0 3 20 0 5 0 2
0.890909 0 0 3 0.441333 0.304769 0 3 2 0 3 0 2
0.890909 0 0 0 0.347016 0.240801 0 3 4 0 3 0 2
0.890909 0 0 3 0.352927 0.271657 0 3 11 1 5 0 2
0.890909 0 0 0 0.413846 0.196197 0 3 11 1 5 0 2
0.890909 0 0 0 0.414883 0.196237 0 3 11 1 5 0 2
0.890909 3 2 2 0.415171 0.194232 0 3 11 0 5 0 2
0.890909 3 2 2 0.415449 0.194704 2 3 3 0 2 0 2
0.890909 3 2 3 0.390501 0.222946 0 3 11 1 5 0 2
0.890909 3 2 2 0.413707 0.019571 0 3 11 1 5 0 2
0.890909 3 2 0 0.413571 0.195533 0 3 11 1 5 0 2
0.890909 3 2 0 0.415566 0.194112 0 3 11 1 5 0 2
0.890909 3 2 3 0.415304 0.194342 0 3 11 1 5 0 2
0.890909 3 2 3 0.414703 0.194415 0 3 11 1 5 0 2
0.890909 3 2 3 0.414329 0.194436 0 3 11 1 5 0 2
0.890909 3 2 3 0.414439 0.194126 0 3 11 1 5 0 2
0.890909 3 2 3 0.414701 0.019432 0 3 11 1 5 0 2
0.890909 3 2 2 0.415132 0.193711 0 3 11 1 5 0 2
0.890909 3 2 1 0.415797 0.019447 0 3 11 1 5 0 2
0.890909 3 2 0 0.415382 0.194661 0 4 11 0 5 0 2
0.890909 3 2 0 0.415798 0.194896 2 3 2 0 3 0 2
0.890909 3 2 2 0.357272 0.232673 0 5 11 1 5 0 2
0.890909 3 2 2 0.04152 0.194349 0 3 11 1 5 0 2
0.890909 3 2 1 0.416204 0.194706 0 3 11 1 5 0 2
0.890909 3 2 1 0.415904 0.195307 0 3 11 1 5 0 2
0.890909 3 2 0 0.414381 0.194525 0 3 11 1 5 0 2
0.890909 3 2 0 0.415374 0.194381 0 3 11 0 5 0 2
0.890909 3 2 0 0.415792 0.019425 1 4 3 0 2 0 2
0.890909 3 2 3 0.382948 0.218934 0 3 11 1 5 0 2
0.890909 3 2 3 0.414377 0.195611 0 4 11 1 5 0 2
0.890909 3 2 3 0.041399 0.195379 0 4 11 0 5 0 2
0.890909 3 2 1 0.415112 0.195151 0 5 1 0 1 0 2
0.890909 3 1 3 0.376256 0.358158 1 3 5 1 3 0 2
0.890909 3 1 0 0.375992 0.203808 1 3 5 0 3 0 2
0.890909 3 1 3 0.377623 0.202966 0 3 16 1 6 0 2
0.890909 3 1 3 0.385443 0.444021 0 3 16 0 6 0 2
0.890909 3 1 2 0.387317 0.444347 0 3 7 0 3 0 2
0.890909 3 1 0 0.370526 0.229992 0 3 11 0 5 0 1
0.890909 3 1 2 0.413524 0.199516 2 2 1 0 1 0 2
0.890909 3 1 2 0.367411 0.300118 0 3 7 0 3 0 2
0.890909 3 1 0 0.371503 0.238814 2 3 11 0 5 0 2
0.890909 3 0 2 0.041477 0.020687 0 3 4 1 3 0 2
0.890909 3 0 0 0.362772 0.287529 0 3 4 0 3 0 2
0.890909 3 0 0 0.363793 0.286957 2 3 1 0 1 0 2
0.890909 3 0 0 0.365134 0.314581 0 3 8 0 2 0 2
0.890909 3 2 1 0.405332 0.208302 2 3 2 0 3 0 2
0.890909 3 2 3 0.355799 0.250851 0 3 4 0 3 1 2
0.890909 3 1 1 0.036444 0.286842 0 3 15 0 7 0 2
0.890909 3 1 0 0.419918 0.429253 0 3 5 1 3 0 2
0.890909 3 1 3 0.374973 0.206245 0 3 5 0 3 0 2
0.890909 3 0 3 0.376867 0.209105 0 3 6 0 4 0 2
0.890909 3 0 2 0.394309 0.256788 0 3 1 0 1 0 2
0.890909 3 0 1 0.040722 0.292217 2 3 18 0 3 0 2
0.890909 3 0 0 0.359701 0.028012 0 3 4 0 3 0 2
0.890909 3 2 0 0.362568 0.285875 0 4 7 0 3 0 2
0.890909 3 2 2 0.361144 0.229247 0 3 1 1 1 0 2
0.890909 3 2 0 0.408284 0.281856 0 3 1 1 1 0 2
0.890909 3 2 0 0.408556 0.281944 0 3 1 0 1 0 2
0.890909 3 2 3 0.04089 0.281727 0 4 11 0 5 0 2
0.890909 3 2 0 0.413155 0.194498 0 3 1 0 1 0 2
0.890909 3 2 0 0.408722 0.282498 0 3 2 0 3 0 2
0.890909 3 2 0 0.342533 0.026232 0 3 4 0 3 0 2
0.890909 3 2 2 0.359905 0.027284 0 3 11 1 5 0 2
0.890909 3 2 3 0.415098 0.196156 0 3 11 1 5 0 2
0.890909 3 2 3 0.04134 0.195181 0 3 11 1 5 0 2
0.890909 3 2 2 0.413664 0.195147 0 3 11 1 5 0 2
0.890909 3 2 1 0.413776 0.195025 0 3 11 1 5 0 2
0.890909 3 2 1 0.414255 0.195389 0 4 11 0 5 0 2
0.890909 3 1 2 0.413807 0.194543 0 4 5 0 3 0 2
0.890909 3 1 3 0.376034 0.020703 1 3 2 0 3 0 2
0.890909 3 1 2 0.350554 0.230568 0 3 1 0 1 0 2
0.890909 3 1 2 0.407229 0.329884 0 3 16 0 6 0 2
0.890909 3 1 0 0.389987 0.442673 0 3 1 1 1 0 2
0.890909 3 1 0 0.407105 0.330352 0 3 1 1 1 0 2
0.890909 3 1 0 0.406824 0.330222 0 3 1 0 1 0 2
0.890909 3 1 0 0.407155 0.03299 0 3 6 0 4 0 1
0.890909 3 0 2 0.380837 0.240723 0 2 19 0 5 0 2
0.890909 3 0 0 0.410373 0.441411 1 3 4 0 3 0 2
0.890909 3 0 2 0.351697 0.278443 0 3 7 0 3 0 2
0.890909 3 0 0 0.374988 0.219211 1 3 10 0 3 0 2
0.890909 3 0 2 0.358397 0.031734 0 3 11 0 5 0 2
0.890909 3 0 3 0.401292 0.198521 0 3 4 0 3 0 2
0.890909 3 0 3 0.351737 0.278965 1 3 2 0 3 0 2
0.890909 3 0 2 0.348182 0.264405 0 3 1 0 1 0 2
0.890909 3 0 2 0.039254 0.401372 0 3 3 0 2 1 1
0.890909 2 2 2 0.387679 0.225752 0 2 4 0 3 0 2
0.890909 2 2 1 0.375226 0.268158 0 3 12 0 5 0 2
0.890909 2 2 0 0.369098 0.273244 0 1 4 0 3 0 2
0.890909 2 2 2 0.357105 0.027636 0 3 1 1 1 0 1
0.890909 2 1 0 0.400649 0.327526 1 2 1 0 1 0 2
0.890909 2 1 3 0.362429 0.311579 1 3 5 0 3 0 2
0.890909 2 1 3 0.037326 0.204248 0 3 2 0 3 0 2
0.890909 2 1 3 0.356606 0.234452 0 3 4 0 3 0 2
0.890909 2 1 2 0.352278 0.277438 0 3 11 0 5 0 2
0.890909 2 1 1 0.418621 0.201232 0 3 1 0 1 0 2
0.890909 2 1 0 0.382621 0.409106 2 3 2 1 3 0 2
0.890909 2 1 0 0.035888 0.256007 0 3 2 0 3 0 2
0.890909 2 0 3 0.343345 0.249824 0 4 7 0 3 0 2
0.890909 2 0 0 0.372716 0.211696 0 3 1 1 1 0 2
0.890909 2 0 0 0.037948 0.296968 0 4 1 0 1 0 2
0.890909 2 0 0 0.379272 0.296254 0 3 6 0 4 0 2
0.890909 2 0 3 0.038017 0.269052 0 3 7 0 3 0 1
0.890909 2 0 2 0.037102 0.219072 1 2 3 0 2 0 2
0.890909 2 0 0 0.381103 0.229114 0 3 4 0 3 0 2
0.890909 2 2 1 0.352286 0.278476 0 4 8 0 2 0 2
0.890909 2 2 0 0.405335 0.207484 2 3 2 0 3 0 2
0.890909 2 2 1 0.354154 0.249714 0 4 5 1 3 0 2
0.890909 2 2 0 0.374452 0.204517 0 3 5 1 3 0 2
0.890909 2 2 0 0.373439 0.02047 0 3 5 0 3 0 1
0.890909 2 2 2 0.378967 0.206085 0 2 3 0 2 0 2
0.890909 2 2 3 0.381365 0.235514 0 3 1 0 1 0 2
0.890909 2 2 1 0.372454 0.360319 0 3 5 0 3 0 2
0.890909 2 2 0 0.376453 0.203407 0 3 12 0 5 0 2
0.890909 2 1 1 0.375854 0.206727 0 1 3 1 2 0 2
0.890909 2 1 0 0.381583 0.236028 0 3 3 0 2 0 2
0.890909 2 1 3 0.381153 0.235054 1 4 10 0 3 0 2
0.890909 2 1 0 0.359414 0.031081 0 3 3 0 2 0 2
0.890909 2 1 3 0.038289 0.204588 0 3 1 0 1 0 2
0.890909 2 1 1 0.404007 0.417754 1 3 2 0 3 0 2
0.890909 2 1 0 0.346609 0.254131 0 3 3 1 2 0 2
0.890909 2 1 0 0.402564 0.217985 0 3 3 1 2 0 2
0.890909 2 1 2 0.402203 0.218652 0 3 3 0 2 0 2
0.890909 2 1 3 0.388183 0.212212 0 3 8 0 2 0 2
0.890909 2 0 3 0.393397 0.206076 0 3 2 0 3 0 2
0.890909 2 0 0 0.349324 0.024364 0 3 17 0 6 0 2
0.890909 2 0 3 0.369842 0.433415 0 3 3 0 2 0 1
0.890909 2 0 0 0.384356 0.204065 0 2 2 0 3 0 2
0.890909 2 0 3 0.035377 0.253117 0 3 4 0 3 0 2
0.890909 2 2 1 0.350562 0.279144 0 3 8 1 2 0 2
0.890909 2 2 1 0.403954 0.208018 0 3 8 0 2 0 2
0.890909 2 2 2 0.405163 0.207104 0 3 2 0 3 0 2
0.890909 2 1 3 0.354533 0.272051 0 1 3 0 2 0 2
0.890909 2 1 3 0.380744 0.205949 0 3 1 0 1 0 2
0.890909 2 1 0 0.396191 0.385906 1 3 13 0 3 0 2
0.890909 2 1 3 0.347977 0.226122 0 3 3 0 2 0 2
0.890909 2 0 1 0.386283 0.229314 0 3 2 0 3 0 2
0.890909 2 0 1 0.351928 0.269405 1 3 18 0 3 0 2
0.890909 2 0 1 0.357626 0.282747 0 3 1 0 1 0 2
0.890909 2 0 2 0.407824 0.307838 0 3 8 1 2 0 2
0.890909 2 0 2 0.404821 0.207096 0 3 8 1 2 0 2
0.890909 2 0 2 0.407178 0.206858 0 3 8 1 2 0 2
0.890909 2 0 2 0.040405 0.207344 0 3 8 1 2 0 2
0.890909 2 0 0 0.405923 0.207293 0 3 8 1 2 0 2
0.890909 2 0 0 0.405713 0.207398 0 4 8 1 2 0 2
0.890909 2 0 0 0.404731 0.207126 0 3 8 1 2 0 2
0.890909 2 0 0 0.406433 0.207704 0 3 8 1 2 0 2
0.890909 2 0 0 0.406546 0.205962 0 3 8 0 2 0 2
0.890909 1 2 2 0.405306 0.206949 0 4 1 0 1 0 2
0.890909 1 2 0 0.394067 0.397887 0 3 4 0 3 0 2
0.890909 1 2 1 0.369421 0.276242 0 3 1 0 1 0 2
0.890909 1 2 3 0.372303 0.280226 0 3 8 0 2 0 2
0.890909 1 2 3 0.400479 0.204402 0 3 7 1 3 0 2
0.890909 1 2 3 0.378101 0.211012 0 3 7 0 3 0 2
0.890909 1 2 0 0.378203 0.211965 0 3 7 1 3 0 2
0.890909 1 1 2 0.378741 0.211914 0 3 7 1 3 0 2
0.890909 1 1 3 0.377386 0.210299 0 3 7 1 3 0 2
0.890909 1 1 0 0.377879 0.212506 0 3 7 1 3 0 2
0.890909 1 1 3 0.378314 0.212285 0 3 7 0 3 0 2
0.890909 1 1 2 0.378527 0.212803 0 3 5 0 3 0 2
0.890909 1 1 3 0.378807 0.201772 0 3 7 1 3 0 2
0.890909 1 1 2 0.376421 0.211564 0 3 7 1 3 0 2
0.890909 1 1 2 0.376753 0.021267 0 3 7 0 3 0 2
0.890909 1 1 3 0.376494 0.212205 0 3 1 0 1 0 2
0.890909 1 0 0 0.392768 0.279373 0 3 5 0 3 0 1
0.890909 1 2 2 0.375044 0.205972 0 2 1 0 1 0 2
0.890909 1 2 1 0.039391 0.02628 0 3 14 0 6 0 1
0.890909 1 2 0 0.341756 0.361655 0 2 4 0 3 0 2
0.890909 1 2 3 0.353706 0.276869 0 3 5 1 3 0 2
0.890909 1 2 2 0.375927 0.206374 0 3 5 0 3 0 2
0.890909 1 2 3 0.375362 0.203542 0 3 4 1 3 0 2
0.890909 1 2 3 0.352103 0.278641 0 3 4 1 3 0 2
0.890909 1 2 0 0.351865 0.278481 0 3 4 0 3 0 2
0.890909 1 2 0 0.352198 0.277749 1 3 7 0 3 0 2
0.890909 1 2 0 0.374619 0.221734 0 3 11 0 5 0 2
0.890909 1 2 2 0.415486 0.195233 0 3 1 0 1 0 2
0.890909 1 2 2 0.370916 0.287331 0 3 2 0 3 0 2
0.890909 1 1 3 0.340113 0.250243 0 3 5 0 3 0 2
0.890909 1 1 3 0.375601 0.206793 1 3 7 0 3 0 2
0.890909 1 1 2 0.362474 0.229395 0 3 1 0 1 0 1
0.890909 1 1 2 0.362659 0.359752 0 2 4 0 3 0 2
0.890909 1 1 0 0.363912 0.288906 0 3 1 1 1 0 2
0.890909 1 1 1 0.386972 0.380712 0 3 1 0 1 0 2
0.890909 1 0 0 0.407028 0.030672 0 3 18 0 3 0 2
0.890909 1 0 2 0.354968 0.299449 0 3 1 1 1 0 2
0.890909 1 0 2 0.387376 0.380875 0 3 1 1 1 0 2
0.890909 1 0 2 0.382985 0.391726 0 4 1 0 1 0 2
0.890909 1 0 0 0.374801 0.293806 0 3 2 0 3 0 2
0.890909 1 0 3 0.352892 0.234943 0 3 1 0 1 0 2
0.890909 1 2 3 0.374463 0.294135 0 3 5 0 3 0 2
0.890909 1 2 0 0.374656 0.204673 0 3 1 0 1 0 2
0.890909 1 2 0 0.375135 0.029372 0 4 3 0 2 0 2
0.890909 1 2 0 0.383657 0.223935 0 4 1 1 1 0 2
0.890909 1 2 0 0.387248 0.381284 0 3 1 1 1 0 2
0.890909 1 2 1 0.374258 0.294665 0 3 1 0 1 0 2
0.890909 1 2 1 0.375238 0.294811 0 3 5 0 3 0 2
0.890909 1 2 0 0.373359 0.020548 0 3 1 1 1 0 2
0.890909 1 2 2 0.038696 0.380818 0 3 1 1 1 0 2
0.890909 1 2 0 0.374257 0.294645 0 3 1 1 1 0 2
0.890909 1 1 2 0.387108 0.380339 0 3 1 1 1 0 2
0.890909 1 1 1 0.373475 0.295593 0 3 1 1 1 0 2
0.890909 1 1 0 0.374097 0.294682 0 3 1 0 1 0 2
0.890909 1 1 3 0.374335 0.295637 0 4 10 0 3 0 1
0.890909 1 1 1 0.348572 0.325135 0 2 2 0 3 0 2
0.890909 1 1 0 0.349065 0.246629 0 3 7 0 3 0 2
0.890909 1 1 0 0.377368 0.210227 0 3 2 0 3 0 2
0.890909 1 1 3 0.342441 0.264846 0 3 6 0 4 0 2
0.890909 1 0 2 0.397803 0.256155 1 3 10 0 3 0 2
0.890909 1 0 3 0.355821 0.310985 1 3 3 0 2 0 2
0.890909 1 0 0 0.383495 0.219885 0 3 5 1 3 0 2
0.890909 0 2 2 0.374897 0.207809 0 3 5 1 3 0 2
0.890909 0 2 3 0.376498 0.209404 0 3 5 1 3 0 2
0.890909 0 2 2 0.371182 0.207387 0 3 5 1 3 0 2
0.890909 0 2 0 0.374922 0.203137 0 3 5 0 3 0 2
0.890909 0 2 3 0.372801 0.207103 1 3 2 0 3 0 2
0.890909 0 1 2 0.437084 0.185092 0 1 1 0 1 0 2
0.890909 0 1 0 0.396844 0.264025 1 4 2 0 3 0 2
0.890909 0 1 3 0.346482 0.240507 0 3 1 0 1 0 2
0.890909 0 1 2 0.040375 0.270809 0 3 16 0 6 0 2
0.890909 0 1 3 0.038587 0.441295 0 3 5 0 3 0 2
0.890909 0 1 2 0.373806 0.209972 0 3 7 0 3 0 2
0.890909 0 1 2 0.365868 0.229727 0 3 5 1 3 0 2
0.890909 0 1 3 0.037343 0.209757 0 3 5 0 3 0 2
0.890909 0 1 2 0.375401 0.207165 0 3 1 1 1 0 2
0.890909 0 1 2 0.404999 0.329729 0 3 1 0 1 0 2
0.890909 0 1 2 0.405807 0.329597 0 3 4 0 3 0 2
0.890909 0 0 0 0.364317 0.289117 1 3 2 0 3 0 2
0.890909 0 0 2 0.351857 0.232367 0 3 1 0 1 0 2
0.890909 0 0 3 0.366132 0.301769 0 3 8 0 2 0 2
0.890909 0 0 2 0.390359 0.205612 0 4 7 1 3 0 2
0.890909 0 0 2 0.376521 0.211239 0 3 7 0 3 0 2
0.890909 0 0 0 0.363688 0.221716 0 3 5 0 3 0 2
0.890909 0 0 1 0.037599 0.208872 0 3 1 0 1 0 2
0.890909 0 0 3 0.371561 0.357871 0 3 7 0 3 0 2
0.890909 0 0 0 0.365077 0.021416 0 3 4 0 3 0 2
0.890909 0 0 0 0.357752 0.273196 0 3 5 1 3 0 2
0.890909 0 2 3 0.378428 0.209313 0 3 5 0 3 0 2
0.890909 0 2 3 0.375708 0.020721 0 3 1 0 1 0 2
0.890909 0 2 3 0.390216 0.278388 0 3 8 0 2 0 2
0.890909 0 2 3 0.394743 0.205124 0 3 5 0 3 0 2
0.890909 0 2 2 0.376405 0.207144 0 3 1 0 1 0 2
0.890909 0 2 1 0.386321 0.270825 0 3 4 0 3 0 2
0.890909 0 2 3 0.360159 0.281775 0 4 5 0 3 0 2
0.890909 0 2 2 0.376221 0.206901 2 3 4 0 3 0 2
0.890909 0 2 2 0.368146 0.279973 0 3 5 1 3 0 2
0.890909 0 2 2 0.376005 0.02076 0 3 5 0 3 0 2
0.890909 0 1 2 0.370248 0.204009 0 3 18 0 3 0 2
0.890909 0 1 0 0.356133 0.282908 0 4 5 1 3 0 2
0.890909 0 1 0 0.376027 0.020662 0 3 5 0 3 0 2
0.890909 0 1 2 0.376063 0.207125 0 3 5 1 3 0 2
0.890909 0 1 2 0.037333 0.206816 0 3 5 1 3 0 2
0.890909 0 1 3 0.373704 0.209115 0 3 5 1 3 0 2
0.890909 0 1 1 0.376254 0.206111 0 3 5 0 3 0 2
0.890909 0 1 3 0.374823 0.208328 0 3 7 0 3 0 2
0.890909 0 1 3 0.365132 0.221476 0 3 3 0 2 0 2
0.890909 0 1 0 0.038949 0.205913 0 3 4 0 3 0 2
0.890909 0 1 2 0.362354 0.253244 0 3 5 1 3 0 2
0.890909 0 1 2 0.374866 0.204045 0 3 5 0 3 0 2
0.890909 0 1 2 0.375163 0.208062 0 3 1 0 1 0 1
0.890909 0 0 2 0.401781 0.287761 1 2 2 0 3 0 2
0.890909 0 0 2 0.345801 0.266262 0 4 5 0 3 0 2
0.890909 0 0 1 0.373192 0.206178 0 3 2 0 3 0 2
0.890909 0 0 0 0.356888 0.235677 0 3 1 0 1 0 1
0.890909 0 0 2 0.040425 0.283462 0 2 11 0 5 0 2
0.890909 0 0 1 0.04019 0.197274 0 3 5 0 3 0 2
0.890909 0 0 0 0.371807 0.206902 0 3 2 0 3 0 2
0.890909 0 0 3 0.347591 0.238408 0 3 1 0 1 0 2
0.890909 0 0 3 0.393123 0.405488 0 3 5 0 3 0 2
0.890909 0 2 2 0.415608 0.193331 0 3 22 0 5 0 2
0.890909 0 2 0 0.421919 0.235482 0 3 1 0 1 0 2
0.890909 0 2 3 0.403223 0.421121 0 3 3 0 2 0 2
0.890909 0 2 3 0.038282 0.233984 1 3 10 0 3 0 2
0.890909 0 2 0 0.357139 0.321145 0 3 1 1 1 0 2
0.890909 0 2 3 0.038274 0.390472 0 3 1 0 1 0 2
0.890909 0 2 3 0.395128 0.401738 0 3 18 0 3 0 2
0.890909 0 1 2 0.347022 0.276757 0 3 11 1 5 0 2
0.890909 0 1 2 0.413851 0.019584 0 3 11 0 5 0 2
0.890909 0 1 0 0.409925 0.196537 0 3 3 0 2 0 2
0.890909 0 1 3 0.380696 0.203665 0 3 11 0 5 0 2
0.890909 0 1 2 0.413459 0.195269 0 3 5 0 3 0 2
0.890909 0 1 0 0.375661 0.205689 0 3 2 1 3 0 2
0.890909 0 1 3 0.347803 0.262801 0 3 2 0 3 0 2
0.890909 0 1 3 0.347811 0.263012 3 4 7 0 3 0 2
0.890909 0 0 3 0.376098 0.239784 1 3 2 0 3 0 2
0.890909 0 0 2 0.355012 0.264405 0 4 1 1 1 0 2
0.890909 0 0 2 0.394901 0.028013 0 3 1 0 1 0 2
0.890909 0 0 2 0.394671 0.279014 0 3 11 1 5 0 2
0.890909 0 0 2 0.415518 0.196274 0 3 11 1 5 0 2
0.890909 0 0 1 0.416566 0.019457 0 3 11 1 5 0 2
0.890909 0 0 1 0.416417 0.194367 0 3 11 0 5 0 2
0.890909 0 0 3 0.416193 0.019412 0 3 2 1 3 0 2
0.890909 0 0 3 0.351075 0.238526 0 3 2 0 3 0 2
0.890909 0 0 3 0.350539 0.238275 0 3 11 0 5 0 2
0.909091 3 0 2 0.406937 0.273635 0 3 1 1 1 0 2
0.909091 3 0 1 0.381581 0.386401 0 3 1 1 1 0 2
0.909091 3 0 0 0.381859 0.386858 0 3 1 0 1 0 2
0.909091 3 0 3 0.379955 0.388011 0 3 3 1 2 0 2
0.909091 3 0 2 0.388683 0.210037 0 3 3 0 2 0 2
0.909091 3 0 3 0.381956 0.239839 0 3 19 0 5 0 2
0.909091 2 2 2 0.441429 0.390378 0 3 2 0 3 0 2
0.909091 2 2 3 0.341585 0.255265 0 3 8 0 2 0 2
0.909091 2 2 0 0.396585 0.203084 0 3 3 0 2 0 2
0.909091 2 1 0 0.381127 0.220172 0 3 18 0 3 0 2
0.909091 2 1 0 0.338677 0.256538 0 3 2 0 3 0 2
0.909091 2 1 0 0.340682 0.256494 2 3 7 0 3 0 2
0.909091 2 1 3 0.369398 0.237364 0 4 2 1 3 0 2
0.909091 2 1 2 0.343395 0.258348 0 3 2 0 3 0 2
0.909091 2 1 3 0.343022 0.257919 0 3 24 0 6 0 2
0.909091 2 0 3 0.039851 0.441997 0 3 3 0 2 0 2
0.909091 2 0 0 0.406216 0.226116 0 3 7 0 3 0 2
0.909091 2 0 2 0.377619 0.210525 0 3 1 1 1 0 2
0.909091 2 0 2 0.379229 0.426525 0 3 1 1 1 0 2
0.909091 2 0 2 0.382424 0.387645 0 3 1 0 1 0 2
0.909091 2 0 2 0.382287 0.387559 0 3 14 0 6 0 1
0.909091 2 0 1 0.033901 0.035519 0 2 1 1 1 0 2
0.909091 2 0 0 0.382706 0.388458 0 3 1 0 1 0 2
0.909091 2 0 0 0.038194 0.387029 0 4 2 1 3 0 2
0.909091 2 0 3 0.343227 0.258278 0 3 2 0 3 0 2
0.909091 2 2 1 0.341682 0.025802 0 3 11 0 5 0 2
0.909091 2 2 1 0.409533 0.197445 0 3 2 1 3 0 2
0.909091 2 2 2 0.343598 0.258049 0 3 2 0 3 0 2
0.909091 2 2 3 0.034283 0.259501 0 3 3 0 2 0 2
0.909091 2 2 2 0.038124 0.203889 0 3 6 0 4 0 2
0.909091 2 2 1 0.396762 0.198578 0 1 3 1 2 0 2
0.909091 2 1 2 0.381203 0.204653 1 3 3 0 2 0 2
0.909091 2 1 2 0.388315 0.216461 0 3 1 1 1 0 2
0.909091 2 1 3 0.382224 0.387249 0 3 1 0 1 0 2
0.909091 2 1 3 0.373676 0.363699 0 3 14 0 6 0 2
0.909091 2 1 2 0.355678 0.040594 0 3 6 0 4 0 2
0.909091 2 1 0 0.384031 0.266668 1 3 10 0 3 0 2
0.909091 2 1 0 0.355044 0.312929 0 3 2 1 3 0 2
0.909091 2 1 3 0.340681 0.261518 0 3 2 1 3 0 2
0.909091 2 1 3 0.343928 0.257261 0 3 2 0 3 0 2
0.909091 2 1 0 0.341427 0.255672 0 3 15 0 7 0 2
0.909091 2 0 3 0.418263 0.438066 1 3 13 0 3 0 2
0.909091 2 0 3 0.353246 0.228577 0 3 1 1 1 0 2
0.909091 2 0 2 0.381679 0.385587 0 3 1 0 1 0 2
0.909091 2 0 3 0.381382 0.385409 0 3 2 0 3 0 2
0.909091 2 0 2 0.034255 0.251673 0 3 6 0 4 0 2
0.909091 2 0 3 0.388368 0.253317 0 3 14 0 6 0 2
0.909091 2 0 3 0.356505 0.405391 1 3 18 0 3 0 2
0.909091 2 0 0 0.338879 0.256528 0 3 2 0 3 0 2
0.909091 2 2 0 0.353918 0.266949 1 3 4 1 3 0 2
0.909091 2 2 2 0.367292 0.282141 1 3 4 0 3 0 2
0.909091 2 2 0 0.367626 0.282623 0 4 2 1 3 0 2
0.909091 2 2 2 0.354232 0.266831 0 3 2 1 3 0 2
0.909091 2 2 1 0.355033 0.266952 0 3 2 0 3 0 2
0.909091 2 2 0 0.354653 0.267772 0 3 1 0 1 0 2
0.909091 2 2 0 0.387968 0.278046 0 4 16 0 6 0 2
0.909091 2 2 1 0.385583 0.440232 0 4 8 0 2 0 2
0.909091 2 2 1 0.398497 0.197512 0 3 3 0 2 0 2
0.909091 2 2 0 0.381316 0.228832 0 3 1 0 1 0 2
0.909091 2 1 3 0.406813 0.329736 0 3 2 1 3 0 2
0.909091 2 1 2 0.345017 0.255744 0 3 2 1 3 0 2
0.909091 2 1 0 0.344137 0.254656 0 3 2 0 3 0 2
0.909091 2 1 0 0.034288 0.255202 0 4 1 0 1 0 2
0.909091 2 1 2 0.374931 0.385857 0 3 2 0 3 0 2
0.909091 2 1 1 0.034094 0.257803 0 3 1 0 1 0 2
0.909091 2 1 3 0.394481 0.406782 0 3 2 1 3 0 2
0.909091 2 1 2 0.340828 0.258294 0 3 2 0 3 0 2
0.909091 2 1 2 0.344008 0.258901 0 3 1 0 1 0 2
0.909091 2 1 0 0.394398 0.406354 0 3 2 0 3 0 2
0.909091 2 1 0 0.341631 0.257987 0 3 1 1 1 0 2
0.909091 2 1 0 0.393678 0.407179 0 3 1 1 1 0 2
0.909091 2 1 3 0.394146 0.407491 0 4 1 1 1 0 2
0.909091 2 1 2 0.394057 0.407696 0 3 1 1 1 0 2
0.909091 2 1 1 0.393717 0.407449 0 3 1 1 1 0 2
0.909091 2 1 1 0.039417 0.407508 0 3 1 0 1 0 2
0.909091 2 0 3 0.393762 0.407098 0 4 5 0 3 0 2
0.909091 2 0 3 0.03728 0.204774 0 3 13 0 3 0 2
0.909091 2 0 2 0.350165 0.225888 0 3 5 0 3 0 2
0.909091 2 0 2 0.373859 0.205485 0 3 1 0 1 0 2
0.909091 2 0 3 0.384586 0.027272 0 3 2 0 3 0 2
0.909091 2 0 2 0.341524 0.257118 0 3 5 0 3 0 2
0.909091 2 0 2 0.372955 0.204769 0 3 11 0 5 0 2
0.909091 2 0 0 0.415268 0.195919 0 3 2 1 3 0 2
0.909091 2 0 2 0.034211 0.254954 0 3 2 0 3 0 2
0.909091 2 0 3 0.341285 0.02585 0 3 5 0 3 0 2
0.909091 2 0 2 0.372958 0.205482 0 3 1 0 1 0 2
0.909091 2 0 3 0.382404 0.387592 0 4 5 0 3 0 2
0.909091 2 0 3 0.373166 0.205652 0 3 2 1 3 0 2
0.909091 2 0 0 0.355689 0.026688 0 3 2 0 3 0 2
0.909091 2 0 2 0.340938 0.256664 0 3 18 0 3 0 2
0.909091 2 0 0 0.338738 0.255556 0 3 2 1 3 0 2
0.909091 2 0 0 0.343537 0.259018 0 4 2 0 3 0 2
0.909091 2 0 0 0.034473 0.257545 0 3 18 0 3 0 2
0.909091 2 0 3 0.351038 0.291796 0 3 2 0 3 0 2
0.909091 2 0 3 0.341686 0.255435 0 3 3 0 2 0 1
0.909091 2 0 3 0.404591 0.214831 0 2 13 0 3 0 2
0.909091 1 2 0 0.350271 0.201936 0 3 2 1 3 0 2
0.909091 1 2 2 0.340666 0.259456 0 3 2 1 3 0 2
0.909091 1 2 2 0.355767 0.267664 0 3 2 1 3 0 2
0.909091 1 2 0 0.035465 0.267046 0 3 2 1 3 0 2
0.909091 1 2 3 0.354853 0.266794 0 3 2 1 3 0 2
0.909091 1 2 3 0.340237 0.255598 0 3 2 1 3 0 2
0.909091 1 2 3 0.341777 0.256408 0 4 2 1 3 0 2
0.909091 1 2 1 0.341502 0.255565 0 3 2 0 3 0 2
0.909091 1 2 2 0.340927 0.255917 0 3 18 0 3 0 2
0.909091 1 2 1 0.339914 0.255921 0 3 2 0 3 0 2
0.909091 1 2 0 0.343484 0.025532 1 3 4 0 3 0 2
0.909091 1 2 3 0.360341 0.286953 0 3 2 1 3 0 2
0.909091 1 2 2 0.343352 0.254987 0 3 2 1 3 0 2
0.909091 1 2 2 0.341363 0.255878 0 3 2 1 3 0 2
0.909091 1 2 2 0.340975 0.255905 0 3 2 1 3 0 2
0.909091 1 2 3 0.341065 0.255661 0 3 2 1 3 0 2
0.909091 1 2 2 0.342874 0.254969 0 4 2 0 3 0 2
0.909091 1 2 0 0.341121 0.255282 0 3 18 0 3 0 2
0.909091 1 2 0 0.338855 0.255436 0 3 2 1 3 0 2
0.909091 1 2 0 0.341982 0.258846 0 3 2 1 3 0 2
0.909091 1 2 0 0.344296 0.02598 0 3 2 1 3 0 2
0.909091 1 2 0 0.342217 0.259099 0 3 2 1 3 0 2
0.909091 1 2 0 0.341365 0.025504 0 3 2 1 3 0 2
0.909091 1 2 3 0.341606 0.256082 0 3 2 0 3 0 2
0.909091 1 2 3 0.345007 0.258881 0 4 1 0 1 0 2
0.909091 1 2 1 0.395409 0.040074 0 3 2 1 3 0 2
0.909091 1 2 0 0.342666 0.256414 0 3 2 0 3 0 2
0.909091 1 1 3 0.341803 0.255783 0 3 13 0 3 0 2
0.909091 1 1 2 0.351547 0.202872 0 4 2 1 3 0 2
0.909091 1 1 2 0.341657 0.255967 0 3 2 0 3 0 2
0.909091 1 1 2 0.0341 0.256071 0 3 4 0 3 0 2
0.909091 1 1 0 0.352162 0.278657 0 3 2 1 3 0 2
0.909091 1 1 3 0.340616 0.255593 0 3 2 1 3 0 2
0.909091 1 1 3 0.343162 0.258674 0 3 2 1 3 0 2
0.909091 1 1 3 0.341263 0.255001 0 3 2 1 3 0 2
0.909091 1 1 3 0.340142 0.255699 0 3 2 1 3 0 2
0.909091 1 1 2 0.341569 0.255384 0 3 2 1 3 0 2
0.909091 1 1 2 0.03434 0.255954 0 3 2 1 3 0 2
0.909091 1 1 2 0.341225 0.255513 0 3 2 1 3 0 2
0.909091 1 1 2 0.341512 0.255749 0 3 2 1 3 0 2
0.909091 1 1 2 0.340489 0.255391 0 3 2 1 3 0 2
0.909091 1 1 2 0.341484 0.256493 0 3 2 1 3 0 2
0.909091 1 1 1 0.03414 0.256022 0 3 2 1 3 0 2
0.909091 1 1 1 0.341498 0.255435 0 3 2 0 3 0 2
0.909091 1 1 0 0.340934 0.255833 0 3 18 0 3 0 2
0.909091 1 1 0 0.338853 0.255939 0 3 2 1 3 0 2
0.909091 1 1 0 0.341033 0.257248 0 3 2 0 3 0 2
0.909091 1 1 0 0.341589 0.256047 0 3 4 0 3 0 2
0.909091 1 1 0 0.035309 0.278425 0 3 2 1 3 0 2
0.909091 1 1 0 0.341641 0.256128 0 3 2 1 3 0 2
0.909091 1 1 0 0.341391 0.025719 0 3 2 1 3 0 2
0.909091 1 1 0 0.341358 0.255674 0 3 2 1 3 0 2
0.909091 1 1 3 0.342916 0.255033 0 3 2 1 3 0 2
0.909091 1 1 3 0.340314 0.255186 0 3 2 1 3 0 2
0.909091 1 1 3 0.341299 0.025618 0 3 2 1 3 0 2
0.909091 1 1 3 0.340188 0.255104 0 3 2 1 3 0 2
0.909091 1 1 3 0.341941 0.025629 0 3 2 1 3 0 2
0.909091 1 1 3 0.341771 0.025568 0 3 2 1 3 0 2
0.909091 1 1 3 0.340964 0.02557 0 3 2 1 3 0 2
0.909091 1 1 3 0.341434 0.254174 0 3 2 1 3 0 2
0.909091 1 1 1 0.342184 0.255175 0 4 2 1 3 0 2
0.909091 1 1 1 0.341163 0.256339 0 3 2 1 3 0 2
0.909091 1 1 0 0.034261 0.255091 0 3 2 1 3 0 2
0.909091 1 1 0 0.034154 0.255249 0 4 2 1 3 0 2
0.909091 1 1 0 0.340509 0.256009 0 3 2 1 3 0 2
0.909091 1 1 0 0.340918 0.256102 0 3 2 1 3 0 2
0.909091 1 1 0 0.341886 0.255803 0 3 2 0 3 0 2
0.909091 1 1 3 0.341648 0.256205 0 4 3 0 2 0 2
0.909091 1 1 0 0.038806 0.205015 0 3 5 0 3 0 2
0.909091 1 1 0 0.378558 0.209128 0 3 2 1 3 0 2
0.909091 1 1 3 0.340675 0.257459 0 3 2 1 3 0 2
0.909091 1 1 2 0.341068 0.256943 0 3 2 1 3 0 2
0.909091 1 1 3 0.034108 0.255184 0 3 2 1 3 0 2
0.909091 1 1 2 0.341583 0.257249 0 3 2 1 3 0 2
0.909091 1 1 2 0.340564 0.255756 0 3 2 1 3 0 2
0.909091 1 1 3 0.341605 0.255677 0 3 2 0 3 0 2
0.909091 1 1 0 0.034135 0.025595 0 3 1 0 1 0 1
0.909091 1 1 3 0.037825 0.271446 0 2 2 0 3 0 2
0.909091 1 0 1 0.340802 0.025649 2 3 4 0 3 0 2
0.909091 1 0 0 0.036466 0.269077 0 3 2 1 3 0 2
0.909091 1 0 0 0.341291 0.258622 0 3 2 0 3 0 2
0.909091 1 0 0 0.341138 0.255348 0 3 5 0 3 0 2
0.909091 1 0 0 0.373556 0.205372 0 3 2 1 3 0 2
0.909091 1 0 0 0.340262 0.254983 0 3 2 1 3 0 2
0.909091 1 0 3 0.341175 0.255189 0 3 2 1 3 0 2
0.909091 1 0 3 0.341021 0.255657 0 3 2 0 3 0 2
0.909091 1 0 3 0.344444 0.232367 0 3 18 0 3 0 2
0.909091 1 0 2 0.339605 0.255045 0 3 2 1 3 0 2
0.909091 1 0 2 0.340776 0.256333 0 3 2 1 3 0 2
0.909091 1 0 2 0.340551 0.255735 0 3 2 1 3 0 2
0.909091 1 0 2 0.034036 0.255171 0 3 2 0 3 0 2
0.909091 1 0 1 0.342341 0.255839 0 3 18 0 3 0 2
0.909091 1 0 0 0.339184 0.256299 0 3 2 1 3 0 2
0.909091 1 0 0 0.341205 0.025608 0 3 2 1 3 0 2
0.909091 1 0 3 0.341194 0.256216 1 3 2 0 3 0 2
0.909091 1 0 1 0.340595 0.258342 0 3 18 0 3 0 2
0.909091 1 0 3 0.339899 0.256196 0 3 2 0 3 0 2
0.909091 1 0 1 0.341053 0.256079 0 3 1 0 1 0 2
0.909091 1 0 0 0.383148 0.390299 0 3 2 1 3 0 2
0.909091 1 0 0 0.340895 0.259961 0 3 2 1 3 0 2
0.909091 1 0 3 0.340817 0.259133 2 3 2 1 3 0 2
0.909091 1 0 2 0.357553 0.256358 0 3 2 1 3 0 2
0.909091 1 0 2 0.342598 0.259454 0 3 2 0 3 0 2
0.909091 1 0 2 0.341405 0.256919 0 3 18 0 3 0 2
0.909091 1 0 2 0.339038 0.025515 0 4 2 1 3 0 2
0.909091 1 0 1 0.341928 0.255914 0 3 2 0 3 0 2
0.909091 1 0 1 0.340859 0.254783 0 3 18 0 3 0 2
0.909091 1 0 1 0.339096 0.254614 0 3 2 1 3 0 2
0.909091 1 0 1 0.341693 0.254776 0 4 2 0 3 0 2
0.909091 1 0 0 0.342045 0.257124 0 5 16 0 6 0 2
0.909091 1 0 2 0.385427 0.443057 1 3 2 0 3 0 2
0.909091 1 0 0 0.350214 0.024668 0 3 22 0 5 0 2
0.909091 1 2 0 0.422348 0.024893 0 3 4 0 3 0 2
0.909091 1 2 0 0.369622 0.285836 0 3 1 0 1 0 2
0.909091 1 2 2 0.383728 0.391542 0 3 11 0 5 0 1
0.909091 1 2 1 0.414185 0.019533 0 2 2 0 3 0 2
0.909091 1 2 3 0.345881 0.246601 0 3 4 0 3 0 2
0.909091 1 2 0 0.361975 0.255779 0 3 2 0 3 0 2
0.909091 1 2 1 0.346158 0.239852 0 3 4 1 3 0 2
0.909091 1 2 1 0.361645 0.255676 1 3 4 0 3 0 2
0.909091 1 2 0 0.359139 0.279487 0 3 5 0 3 0 2
0.909091 1 2 0 0.379702 0.201615 0 3 2 0 3 0 2
0.909091 1 2 0 0.034944 0.262056 0 3 1 0 1 0 2
0.909091 1 1 0 0.379745 0.427579 0 3 2 0 3 0 2
0.909091 1 1 0 0.344189 0.249934 0 3 1 0 1 0 2
0.909091 1 1 3 0.391019 0.278179 0 3 3 0 2 0 2
0.909091 1 1 3 0.380933 0.203107 0 3 5 0 3 0 2
0.909091 1 1 3 0.374624 0.205663 0 3 1 0 1 0 2
0.909091 1 1 1 0.391206 0.278486 0 3 3 0 2 0 2
0.909091 1 1 0 0.405954 0.218419 0 3 14 1 6 0 2
0.909091 1 1 0 0.358058 0.355268 0 3 14 1 6 0 2
0.909091 1 1 3 0.358884 0.355123 0 3 14 0 6 0 2
0.909091 1 1 0 0.358397 0.354944 0 3 3 0 2 0 2
0.909091 1 1 3 0.380863 0.230785 0 3 1 0 1 0 1
0.909091 1 1 2 0.416034 0.287473 0 2 11 0 5 0 2
0.909091 1 1 0 0.415133 0.195601 0 3 1 0 1 0 2
0.909091 1 1 3 0.393674 0.409178 0 3 20 0 5 0 2
0.909091 1 1 3 0.438527 0.311007 0 3 16 0 6 0 2
0.909091 1 1 0 0.385191 0.443019 0 3 2 0 3 0 2
0.909091 1 0 3 0.350332 0.261525 0 4 1 0 1 0 2
0.909091 1 0 2 0.409401 0.372677 0 3 4 0 3 0 2
0.909091 1 0 2 0.351711 0.277676 0 3 2 0 3 0 2
0.909091 1 0 2 0.344257 0.023196 0 3 14 0 6 0 2
0.909091 1 0 0 0.359384 0.03549 0 3 16 0 6 0 2
0.909091 1 0 0 0.384659 0.443235 0 3 1 0 1 0 2
0.909091 1 0 3 0.388489 0.043523 0 3 2 0 3 0 2
0.909091 1 2 0 0.344675 0.262337 0 3 5 1 3 0 2
0.909091 1 2 0 0.372209 0.205777 0 3 5 0 3 0 2
0.909091 1 2 0 0.373242 0.204108 0 3 16 0 6 0 2
0.909091 1 2 0 0.384538 0.044395 0 3 8 1 2 0 2
0.909091 1 2 2 0.393011 0.020547 0 3 8 0 2 0 2
0.909091 1 2 2 0.393023 0.204593 1 3 2 0 3 0 2
0.909091 1 2 3 0.035596 0.258169 0 3 8 1 2 0 2
0.909091 1 2 3 0.039329 0.204906 0 3 8 1 2 0 2
0.909091 1 1 3 0.393739 0.206332 0 4 8 0 2 0 2
0.909091 1 1 2 0.392465 0.204578 0 3 1 0 1 0 2
0.909091 1 1 0 0.383886 0.390783 0 3 16 0 6 0 2
0.909091 1 1 2 0.385044 0.443101 0 3 1 0 1 0 2
0.909091 1 1 3 0.370063 0.273892 0 3 12 0 5 0 1
0.909091 1 1 0 0.424848 0.210793 0 2 17 0 6 0 2
0.909091 1 1 3 0.356367 0.442425 0 3 4 0 3 0 2
0.909091 1 1 2 0.352019 0.270126 2 3 1 1 1 0 2
0.909091 1 1 0 0.360998 0.311182 0 3 1 0 1 0 2
0.909091 1 1 2 0.374578 0.361208 1 3 7 0 3 0 2
0.909091 1 0 3 0.363306 0.231158 0 3 16 0 6 0 2
0.909091 1 0 3 0.384392 0.443856 0 3 7 0 3 0 2
0.909091 1 0 1 0.377541 0.214577 0 3 3 1 2 0 2
0.909091 1 0 0 0.382553 0.219896 0 3 3 0 2 0 2
0.909091 1 0 1 0.382136 0.229167 0 3 16 1 6 0 2
0.909091 1 0 0 0.385609 0.442183 0 3 16 0 6 0 2
0.909091 1 0 1 0.384402 0.442535 0 3 1 1 1 0 2
0.909091 0 2 1 0.381813 0.388551 0 3 1 0 1 0 2
0.909091 0 2 1 0.383512 0.392795 0 3 4 1 3 0 2
0.909091 0 2 1 0.353453 0.279438 0 3 4 0 3 0 2
0.909091 0 2 3 0.352993 0.279087 0 3 1 0 1 0 2
0.909091 0 2 1 0.381757 0.386435 0 3 4 0 3 0 2
0.909091 0 2 3 0.352664 0.278003 0 3 1 0 1 0 2
0.909091 0 2 3 0.383128 0.387842 0 4 16 1 6 0 2
0.909091 0 2 1 0.384672 0.442139 0 3 16 1 6 0 2
0.909091 0 2 3 0.384657 0.443185 0 3 16 1 6 0 2
0.909091 0 2 2 0.385195 0.044429 0 3 16 0 6 0 2
0.909091 0 2 3 0.384557 0.443095 0 3 1 0 1 0 2
0.909091 0 2 2 0.390628 0.279095 0 3 16 1 6 0 2
0.909091 0 2 2 0.385093 0.443147 0 3 16 1 6 0 2
0.909091 0 2 2 0.384483 0.443389 0 3 16 1 6 0 2
0.909091 0 2 2 0.384983 0.044372 0 3 16 1 6 0 2
0.909091 0 2 2 0.038474 0.443565 0 3 16 1 6 0 2
0.909091 0 2 2 0.384136 0.443265 0 3 16 1 6 0 2
0.909091 0 2 1 0.384932 0.443728 0 5 16 0 6 0 2
0.909091 0 2 1 0.383641 0.442394 0 3 1 0 1 0 2
0.909091 0 2 0 0.390098 0.279248 0 3 16 1 6 0 2
0.909091 0 2 0 0.384381 0.443119 0 3 16 1 6 0 2
0.909091 0 2 0 0.384181 0.443752 0 3 16 0 6 0 2
0.909091 0 2 0 0.385429 0.444465 0 4 2 0 3 0 2
0.909091 0 2 3 0.346443 0.252374 0 3 1 0 1 0 2
0.909091 0 1 3 0.374165 0.314506 0 3 2 0 3 0 1
0.909091 0 1 2 0.351869 0.238981 1 2 16 0 6 0 2
0.909091 0 1 2 0.383655 0.443471 0 3 1 0 1 0 2
0.909091 0 1 1 0.391074 0.278179 0 3 8 0 2 0 2
0.909091 0 1 2 0.394095 0.205159 0 3 1 1 1 0 2
0.909091 0 1 0 0.386408 0.431956 0 3 1 0 1 0 2
0.909091 0 1 2 0.383254 0.391259 0 3 16 0 6 0 2
0.909091 0 1 2 0.385411 0.443777 0 3 1 0 1 0 2
0.909091 0 1 2 0.382572 0.386898 0 3 2 0 3 0 2
0.909091 0 0 3 0.356327 0.269825 0 3 4 0 3 0 2
0.909091 0 0 0 0.351684 0.279103 0 3 7 0 3 0 2
0.909091 0 0 3 0.379848 0.223794 0 3 2 1 3 0 2
0.909091 0 0 3 0.350413 0.265134 0 3 2 1 3 0 2
0.909091 0 0 3 0.350248 0.265477 0 3 2 0 3 0 2
0.909091 0 0 2 0.350097 0.266026 0 3 3 1 2 0 2
0.909091 0 0 0 0.380462 0.022344 0 3 3 0 2 0 2
0.909091 0 0 3 0.392464 0.214918 0 4 4 0 3 0 2
0.909091 0 0 2 0.351372 0.278605 0 3 1 1 1 0 2
0.909091 0 0 2 0.390338 0.279044 0 3 1 0 1 0 2
0.909091 0 0 3 0.389976 0.279416 0 3 4 0 3 0 2
0.909091 0 0 3 0.351826 0.027979 0 3 1 0 1 0 2
0.909091 0 0 3 0.384874 0.391359 0 3 4 1 3 0 2
0.909091 0 0 1 0.035169 0.279023 0 3 4 0 3 0 2
0.909091 0 0 0 0.352692 0.279277 0 3 1 0 1 0 2
0.909091 0 0 0 0.390816 0.278936 0 3 4 1 3 0 2
0.909091 0 0 3 0.351716 0.279452 0 3 4 0 3 0 2
0.909091 0 0 3 0.035123 0.278219 0 3 1 0 1 0 2
0.909091 0 0 3 0.390103 0.278915 0 3 8 0 2 0 2
0.909091 0 0 3 0.392259 0.206196 0 3 1 1 1 0 2
0.909091 0 2 3 0.383727 0.392739 0 3 1 0 1 0 2
0.909091 0 2 3 0.384961 0.393382 0 3 11 0 5 0 2
0.909091 0 2 0 0.414433 0.194321 0 3 4 0 3 0 2
0.909091 0 2 0 0.352353 0.279676 0 3 4 1 3 0 2
0.909091 0 2 0 0.351192 0.277805 0 3 4 1 3 0 2
0.909091 0 2 0 0.352254 0.278103 0 4 4 1 3 0 2
0.909091 0 2 0 0.351817 0.278687 0 3 4 1 3 0 2
0.909091 0 2 3 0.352455 0.278993 0 3 4 1 3 0 2
0.909091 0 2 3 0.350941 0.278949 0 3 4 1 3 0 2
0.909091 0 2 3 0.353295 0.279633 0 3 4 1 3 0 2
0.909091 0 2 1 0.035193 0.02791 0 4 4 1 3 0 2
0.909091 0 2 0 0.351865 0.278665 0 3 4 0 3 0 2
0.909091 0 2 3 0.353121 0.278992 0 3 18 0 3 0 2
0.909091 0 2 3 0.351214 0.280241 0 3 4 0 3 0 2
0.909091 0 2 2 0.351603 0.279018 0 3 11 0 5 0 2
0.909091 0 2 2 0.414629 0.195346 0 4 1 0 1 0 2
0.909091 0 2 2 0.390463 0.278827 0 3 4 1 3 0 2
0.909091 0 2 2 0.352447 0.02782 0 3 4 1 3 0 2
0.909091 0 2 2 0.352719 0.279393 0 3 4 0 3 0 2
0.909091 0 2 1 0.352066 0.278982 0 4 1 1 1 0 2
0.909091 0 2 0 0.390658 0.277911 0 3 1 1 1 0 2
0.909091 0 2 2 0.391048 0.027859 0 4 1 0 1 0 2
0.909091 0 2 3 0.383093 0.391745 0 3 11 0 5 0 2
0.909091 0 2 3 0.413838 0.196844 0 3 1 1 1 0 2
0.909091 0 2 2 0.381946 0.388012 0 3 1 1 1 0 2
0.909091 0 2 2 0.390496 0.027851 0 3 1 1 1 0 2
0.909091 0 2 2 0.383638 0.391588 0 3 1 1 1 0 2
0.909091 0 2 2 0.383519 0.039147 0 3 1 1 1 0 2
0.909091 0 2 0 0.383461 0.039125 0 4 1 1 1 0 2
0.909091 0 2 0 0.382185 0.03878 0 3 1 1 1 0 2
0.909091 0 2 0 0.383104 0.393238 0 3 1 1 1 0 2
0.909091 0 2 3 0.383003 0.391169 0 3 1 1 1 0 2
0.909091 0 2 3 0.038326 0.391218 0 3 1 1 1 0 2
0.909091 0 2 3 0.384258 0.391584 0 3 1 1 1 0 2
0.909091 0 2 2 0.383544 0.390663 0 3 1 1 1 0 2
0.909091 0 2 2 0.384286 0.391245 0 3 1 1 1 0 2
0.909091 0 2 2 0.383648 0.390739 0 3 1 1 1 0 2
0.909091 0 2 2 0.384096 0.03914 0 3 1 1 1 0 2
0.909091 0 2 2 0.382618 0.386993 0 3 1 1 1 0 2
0.909091 0 2 2 0.038417 0.039029 0 3 1 1 1 0 2
0.909091 0 2 2 0.384088 0.390642 0 3 1 1 1 0 2
0.909091 0 2 2 0.383945 0.391789 0 3 1 1 1 0 2
0.909091 0 2 3 0.383898 0.390814 0 5 1 1 1 0 2
0.909091 0 2 3 0.401584 0.332512 0 3 1 1 1 0 2
0.909091 0 2 2 0.390325 0.278144 0 3 1 1 1 0 2
0.909091 0 2 2 0.390633 0.278538 0 3 1 0 1 0 2
0.909091 0 1 1 0.390757 0.278444 0 4 11 1 5 0 2
0.909091 0 1 1 0.418524 0.201611 0 3 11 0 5 0 2
0.909091 0 1 3 0.417776 0.202957 0 3 3 0 2 0 2
0.909091 0 1 3 0.382245 0.207362 0 4 15 0 7 0 1
0.909091 0 1 2 0.409703 0.440134 0 2 5 1 3 0 2
0.909091 0 1 3 0.376777 0.208316 0 3 5 0 3 0 2
0.909091 0 1 1 0.377554 0.020896 0 3 1 0 1 0 2
0.909091 0 0 3 0.409186 0.282605 0 3 5 0 3 0 2
0.909091 0 0 3 0.375511 0.206836 0 3 4 0 3 0 2
0.909091 0 0 3 0.037836 0.263875 0 3 11 0 5 0 2
0.909091 0 2 1 0.383071 0.220638 0 3 4 0 3 0 2
0.909091 0 2 3 0.376303 0.263718 0 3 3 0 2 0 2
0.909091 0 2 0 0.383731 0.220192 0 3 2 0 3 0 2
0.909091 0 2 0 0.347367 0.240728 0 3 3 0 2 0 2
0.909091 0 2 0 0.038486 0.219899 0 3 4 0 3 0 2
0.909091 0 2 0 0.364477 0.288844 0 3 1 0 1 0 2
0.909091 0 2 3 0.384688 0.392206 0 4 2 0 3 0 2
0.909091 0 2 0 0.352271 0.230447 0 3 1 0 1 0 2
0.909091 0 2 2 0.384407 0.392199 0 3 3 1 2 0 2
0.909091 0 2 1 0.383628 0.219842 0 3 3 0 2 0 2
0.909091 0 2 3 0.384016 0.220462 0 3 3 0 2 0 2
0.909091 0 1 0 0.382984 0.217423 0 3 1 0 1 0 2
0.909091 0 1 3 0.379929 0.437869 0 3 11 0 5 0 2
0.909091 0 1 0 0.400957 0.198724 2 3 1 0 1 0 2
0.909091 0 1 3 0.371308 0.311378 0 3 2 1 3 0 2
0.909091 0 1 1 0.356091 0.026255 0 3 2 1 3 0 2
0.909091 0 1 0 0.356263 0.262683 0 3 2 0 3 0 2
0.909091 0 1 3 0.349051 0.233195 0 3 3 0 2 0 2
0.909091 0 1 3 0.381374 0.203618 0 3 1 0 1 0 2
0.909091 0 1 2 0.038831 0.434625 1 3 2 0 3 0 2
0.909091 0 1 0 0.340465 0.262218 0 3 3 0 2 0 2
0.909091 0 1 3 0.393022 0.216321 0 3 2 1 3 0 2
0.909091 0 1 0 0.353867 0.263304 0 3 2 0 3 0 2
0.909091 0 0 2 0.356488 0.262704 0 3 14 0 6 0 1
0.909091 0 0 0 0.365155 0.361143 0 2 2 1 3 0 2
0.909091 0 0 0 0.035479 0.263791 0 3 2 0 3 0 2
0.909091 0 0 0 0.034616 0.267297 0 3 11 0 5 0 2
0.909091 0 0 3 0.415042 0.195189 1 3 1 1 1 0 2
0.909091 0 0 1 0.370705 0.344652 2 3 1 0 1 0 2
0.909091 0 0 0 0.360777 0.318657 0 4 4 0 3 0 2
0.909091 0 0 0 0.378148 0.267818 0 3 1 0 1 0 2
0.909091 0 0 1 0.379598 0.417322 0 4 12 0 5 0 1
0.909091 0 0 0 0.419656 0.215417 0 2 3 0 2 0 2
0.909091 3 2 1 0.383607 0.234533 0 3 14 0 6 0 2
0.909091 3 2 0 0.351962 0.369213 0 3 1 0 1 0 2
0.909091 3 2 3 0.381158 0.03859 3 3 7 0 3 0 2
0.909091 3 2 3 0.374059 0.242412 0 3 13 0 3 0 2
0.909091 3 2 3 0.347177 0.193259 0 3 2 0 3 0 2
0.909091 3 2 1 0.342559 0.255711 0 3 1 0 1 0 2
0.909091 3 1 3 0.402408 0.402274 0 3 7 0 3 0 2
0.909091 3 1 3 0.037245 0.215959 0 3 1 0 1 0 2
0.909091 3 1 3 0.040516 0.343109 0 3 3 1 2 0 2
0.909091 3 1 3 0.383343 0.218439 0 3 3 0 2 0 2
0.909091 3 1 1 0.392032 0.217272 0 3 11 1 5 0 2
0.909091 3 1 0 0.416846 0.206539 0 3 11 0 5 0 1
0.909091 3 1 0 0.416294 0.207004 0 2 1 0 1 0 2
0.909091 3 1 3 0.378544 0.270115 0 3 11 0 5 0 2
0.909091 3 0 2 0.416953 0.207954 0 4 1 1 1 0 2
0.909091 3 0 0 0.378907 0.270016 0 3 1 0 1 0 2
0.909091 3 0 3 0.393662 0.408045 0 3 6 0 4 0 2
0.909091 3 0 2 0.399244 0.023973 0 3 4 1 3 0 2
0.909091 3 0 2 0.379127 0.264578 0 3 4 0 3 0 2
0.909091 3 0 1 0.378283 0.264937 0 3 6 0 4 0 2
0.909091 3 0 0 0.380363 0.267321 0 3 4 0 3 0 2
0.909091 3 0 3 0.037821 0.269203 0 3 3 0 2 0 2
0.909091 3 0 1 0.389744 0.215078 0 3 4 1 3 0 2
0.909091 3 0 0 0.378021 0.268591 0 3 4 0 3 0 2
0.909091 3 0 0 0.378255 0.026923 0 3 1 0 1 0 2
0.909091 3 2 3 0.378304 0.270652 0 3 4 1 3 0 2
0.909091 3 2 1 0.378209 0.269127 0 3 4 1 3 0 2
0.909091 3 2 0 0.378431 0.264217 0 3 4 1 3 0 2
0.909091 3 2 3 0.378482 0.268385 0 3 4 1 3 0 2
0.909091 3 2 3 0.378364 0.265164 0 3 4 0 3 0 2
0.909091 3 2 2 0.037901 0.267432 0 3 1 0 1 0 2
0.909091 3 2 2 0.378027 0.270652 0 3 4 1 3 0 2
0.909091 3 2 1 0.378357 0.268313 0 4 4 1 3 0 2
0.909091 3 2 0 0.378695 0.268175 0 3 4 0 3 0 2
0.909091 3 2 0 0.379175 0.267901 0 6 1 0 1 0 2
0.909091 3 2 0 0.398002 0.403466 0 3 7 0 3 0 2
0.909091 3 2 3 0.360382 0.218847 0 3 5 1 3 0 2
0.909091 3 2 3 0.373179 0.205084 0 4 5 0 3 0 2
0.909091 3 2 0 0.372797 0.204414 0 3 2 0 3 0 2
0.909091 3 1 3 0.341895 0.251843 0 3 13 0 3 0 2
0.909091 3 1 0 0.369792 0.020889 0 3 6 1 4 0 2
0.909091 3 1 2 0.039187 0.023446 0 3 6 0 4 0 2
0.909091 3 1 3 0.391082 0.234155 0 3 2 1 3 0 2
0.909091 3 1 0 0.355435 0.262662 0 3 2 1 3 0 2
0.909091 3 1 3 0.353869 0.262558 0 3 2 1 3 0 2
0.909091 3 1 0 0.355217 0.262269 0 3 2 1 3 0 2
0.909091 3 1 0 0.355314 0.262291 0 3 2 1 3 0 2
0.909091 3 1 3 0.356404 0.262291 0 4 2 1 3 0 2
0.909091 3 1 3 0.355691 0.026238 0 3 2 1 3 0 2
0.909091 3 1 3 0.355613 0.263301 0 3 2 1 3 0 2
0.909091 3 1 3 0.355061 0.262347 0 3 2 1 3 0 2
0.909091 3 1 1 0.355829 0.262527 0 4 2 0 3 0 2
0.909091 3 0 1 0.348315 0.239811 0 3 11 1 5 0 2
0.909091 3 0 3 0.415072 0.194599 0 3 11 1 5 0 2
0.909091 3 0 3 0.415363 0.195193 0 3 11 0 5 0 2
0.909091 3 0 2 0.414658 0.195704 0 3 2 0 3 0 2
0.909091 3 0 2 0.342032 0.248642 1 3 13 0 3 0 2
0.909091 3 0 1 0.354582 0.223727 0 3 6 1 4 0 2
0.909091 3 0 1 0.398812 0.233465 0 3 6 0 4 0 2
0.909091 3 0 3 0.399709 0.243554 0 3 2 1 3 0 2
0.909091 3 0 3 0.341322 0.258768 0 3 2 0 3 0 2
0.909091 3 0 0 0.341494 0.249615 3 3 4 0 3 0 2
0.909091 3 2 0 0.367633 0.026781 0 4 6 1 4 1 2
0.909091 3 2 2 0.399919 0.024372 0 3 6 1 4 0 2
0.909091 3 2 1 0.400168 0.243949 0 3 6 1 4 0 2
0.909091 3 2 1 0.399448 0.244607 0 3 6 1 4 0 2
0.909091 3 2 1 0.400191 0.243966 0 3 6 1 4 0 2
0.909091 3 2 3 0.399968 0.243995 0 3 6 1 4 0 2
0.909091 3 2 3 0.040012 0.243727 0 3 6 1 4 0 2
0.909091 3 2 2 0.399957 0.243777 0 4 6 0 4 0 2
0.909091 3 2 3 0.400416 0.243685 0 3 2 1 3 1 2
0.909091 3 2 3 0.034526 0.248786 0 3 2 0 3 0 2
0.909091 3 2 2 0.352219 0.258482 0 3 11 0 5 0 2
0.909091 3 2 2 0.409965 0.197171 0 3 2 0 3 0 2
0.909091 3 2 1 0.354008 0.258994 0 3 1 0 1 0 2
0.909091 3 2 0 0.408072 0.280956 0 3 3 0 2 2 2
0.909091 3 2 3 0.03886 0.204823 0 3 1 0 1 0 2
0.909091 3 2 3 0.381239 0.340731 0 3 11 0 5 0 2
0.909091 3 2 2 0.409679 0.197379 2 3 1 0 1 0 2
0.909091 3 2 2 0.037186 0.307982 1 3 2 0 3 0 2
0.909091 3 1 2 0.341227 0.259871 0 3 1 0 1 0 2
0.909091 3 1 0 0.380495 0.340604 0 4 2 0 3 0 2
0.909091 3 1 0 0.341901 0.023869 0 3 1 0 1 0 2
0.909091 3 1 2 0.370319 0.358558 1 3 2 0 3 0 2
0.909091 3 1 0 0.349972 0.253313 0 4 1 1 1 0 2
0.909091 3 1 3 0.386773 0.380409 0 3 1 0 1 0 2
0.909091 3 1 3 0.387696 0.422047 0 3 13 0 3 0 2
0.909091 3 1 1 0.035855 0.221641 0 3 1 0 1 0 2
0.909091 3 1 2 0.387242 0.420286 0 3 11 0 5 0 2
0.909091 3 1 3 0.418387 0.197244 0 3 3 0 2 0 2
0.909091 3 0 0 0.381284 0.231381 0 3 2 0 3 0 2
0.909091 3 0 3 0.342372 0.250622 0 3 1 1 1 0 2
